4000 2
1.4779023 -1.1390601
-5.9517916 -5.0920753
-1.1373763 0.3816107
-0.7176562 -7.9802090
0.1534215 9.2506920
-14.3187097 -4.5162501
2.2536835 3.6186652
-1.5686666 11.8987290
9.1378427 1.6510461
-0.5051467 0.5798608
-14.6261086 -9.1201266
10.1923105 3.0532289
4.7792128 5.5341997
-5.2784623 -2.1755340
-2.9060930 -4.0183300
-4.4616098 4.2137259
9.3969378 12.9159146
-3.4604679 10.2613969
-6.7407559 2.2677613
-4.0159532 0.8011594
-0.6812565 -17.1376342
11.9828492 10.4330157
-5.4657462 8.6703398
2.4810811 -10.8606414
-9.4479236 12.3429789
-5.6590043 8.7942368
1.0685872 -3.9374858
9.9867590 -3.9296149
-11.3918308 -10.4109327
0.4532944 -1.9467927
-2.3434843 2.0367407
-12.9423162 -8.8788864
3.3594547 0.9790788
-4.4101484 0.8590490
8.6410054 -14.5845896
-3.4164564 -3.0486184
-6.8675942 -2.1138327
2.9799988 -3.6069546
6.7332444 -8.1778622
-15.5263871 4.2272801
3.3622040 2.0206083
7.5965522 -1.4386965
2.0635112 -6.2812716
-12.9293113 1.5004356
-13.2088525 -9.3736345
-2.3056548 -0.7993146
-16.3840372 -5.4572095
-2.6012912 -3.0648723
14.3183175 -0.1463433
5.8981417 -15.4839392
-5.2393213 0.1815038
1.4070733 9.2422270
10.1556168 10.9464975
1.8592130 14.0714558
1.9472205 -4.5312475
-9.0303596 -6.1546266
15.0644922 3.0536131
0.3662916 -10.1990037
-10.9013182 -1.5426108
-8.1534157 15.1898570
1.6093337 -16.5608543
-3.2643055 1.2681943
-3.6152861 -7.0803789
-4.2011120 0.3741232
-9.3022017 -14.2592477
-7.0487278 8.3230993
-4.5770118 -3.2326832
-8.5614721 -6.1482875
0.2076818 -7.9102757
3.8321759 1.1835998
7.0427957 15.4331000
-6.2146763 4.2529274
-9.5995478 1.0832068
0.3617142 -5.3352820
-10.2587493 -5.1847974
-2.9503806 1.0460168
10.9907117 -0.4944489
3.4940478 -13.8658877
4.2427543 1.1544548
1.6753701 3.4671679
4.0139194 -2.9239942
-9.3066776 -3.3215381
1.2778237 -10.1624958
-3.4641516 1.8665133
0.0571156 5.1469238
-2.0353871 10.7802361
3.1572860 -3.7667455
6.6555715 13.1258286
4.1182997 7.2024343
16.5574278 -4.8584978
4.2451994 -5.9868406
-1.8969064 3.4834047
3.4898078 10.4857639
-7.0005606 13.6219323
-4.7011194 -2.1398470
-5.3304302 -1.2865652
-1.1851296 2.4247912
-2.1404014 -2.6634558
3.3305564 2.1452042
-6.9528993 -5.4866028
1.2674813 -3.1049897
12.2928995 1.0060071
3.0813020 0.3755390
-3.4277684 4.3413082
2.1795514 2.4187283
9.1399816 13.6649277
-5.9558309 15.1068957
-12.5814979 -10.5305732
-0.1071148 0.3088577
4.5298355 6.0957549
-10.2625717 -0.4896664
-6.3489472 -15.3778544
8.2588227 14.7533384
1.1592207 4.9811513
12.9637336 1.9671805
0.9154416 -16.4161371
-3.6209492 5.0733571
-8.1734238 -2.5325966
-0.1079833 4.0085051
2.8619479 -4.6452835
-4.1085881 -5.6176281
4.8691653 -1.9816938
-10.2355247 -6.3389584
-1.0038979 -1.3288120
-7.9034082 -11.4749714
-4.4835619 4.7742553
11.8710008 -3.7316891
8.8683519 -7.2250831
0.4321158 13.1937081
5.1797947 5.5880012
-5.7233379 -6.9092663
8.6846415 -12.0037683
-1.2946475 -5.9827595
-0.1161517 -1.8250443
1.5561927 5.3537880
-1.0528956 -6.1034959
-14.5423393 7.7502925
-4.1499274 -0.8923264
-3.0565410 16.3112789
5.1073096 -7.8337346
-6.9925307 -0.6684685
3.6205467 1.9138140
2.4312652 9.0190050
-4.1456430 -10.4909931
7.6028277 1.2863802
-1.7374476 3.7193179
0.9145378 11.8188204
-9.0206105 13.5663774
2.9414319 7.8159657
-0.1538153 2.7677701
-12.8528065 8.8313790
7.9940459 -14.9321407
3.7437160 0.8846580
-9.6302346 -2.7873774
-6.7571636 9.0302807
-1.0632971 -5.1713007
-4.2090139 8.2659588
1.7177663 -7.6060116
0.2070084 -10.6688563
-12.0875115 -11.8170682
-11.4274175 1.1342696
-1.1681054 -5.0668950
-1.0455165 1.0813125
14.8159538 4.8018246
-1.2652307 0.4075286
2.2143915 0.0128311
4.2438622 9.0525420
2.7426702 -1.2474653
14.2426986 -4.9959439
-6.8880356 -9.2896457
15.1927192 4.3116355
11.8906102 -0.4176430
-7.2316304 -6.5971150
6.7598624 -0.6300133
3.7707903 11.2716033
0.7769061 -3.5036438
-9.3483225 3.1495746
14.0104512 6.1533999
-5.6164790 6.4801648
1.8832891 5.2479893
-17.0945105 -1.2102281
5.2271387 -15.2744904
-3.4447595 -16.2776627
3.0126468 -2.2306907
-7.7223791 10.6964607
-2.7108922 -10.5149018
3.3376072 14.0481790
-2.6675885 -7.6698429
3.7733947 -8.2629253
-1.4972664 8.5229180
2.1797032 7.1785135
-4.8562998 -5.2153168
-3.7645150 15.0794175
-0.7476142 -5.2254457
-2.7726918 -1.6044189
3.1611890 -3.9971850
-10.2686421 0.2071835
-15.8476745 3.4377614
-1.5560168 11.1225683
5.3690040 11.7147212
10.3688948 -1.5528255
2.9489374 -4.9218233
-14.1137476 -4.8863338
-4.6750394 15.0403033
0.2692384 5.0053394
3.1565294 -4.8802342
-4.5492572 3.4950797
6.4893193 3.1940461
3.1544172 1.0052143
-4.4726004 8.5864358
-6.9072445 -7.2856171
15.1489044 -1.5389707
12.1999146 -12.2068929
-2.7456942 -5.3518721
3.0335501 -2.6271132
-12.6107541 -1.1262616
-1.4733290 -15.1119661
1.1216954 -2.7896333
11.5852446 -2.3719288
-2.9863678 2.6512866
4.9986730 -11.3317061
5.8796055 4.6367513
-2.5125462 -13.4766408
-1.6344659 -17.0190750
-1.8036606 -3.3714784
-7.2704673 9.6545051
-2.0501530 -11.0491594
-4.2337963 2.5701581
13.0275630 -9.4018647
4.2601286 -6.2956105
-0.9965843 9.4786771
-5.1385009 -7.1553867
-6.9075250 -10.1009962
-3.9287121 -1.8103269
-14.0027557 -2.6619834
-13.8206959 7.9650701
4.6247504 -0.3875421
3.1415293 -1.5451816
7.6703359 -7.0802887
-1.1873249 -4.2075220
2.2967625 4.9160778
-6.7230580 -2.5232461
-5.9291363 14.7285381
-1.5058817 3.6426363
12.1583970 9.6467382
-13.2286113 9.8508861
-2.4489911 -4.4755312
4.4435661 10.4560862
1.4521644 -0.8393371
-3.5773005 1.8282094
1.1101778 4.2329714
2.2362088 14.2275161
1.3599502 0.1686880
-3.8488900 -0.9973748
7.4736547 -7.5843075
-7.6551755 6.4255909
-3.2541306 0.2972273
9.0837176 -2.0646827
12.2554120 -9.2239555
2.1763201 10.6239110
11.7425826 3.2452515
-3.3462538 4.0419516
10.2554680 -3.4355111
10.7859552 -0.7883209
-6.7981628 -12.9519937
1.3359053 -4.2677005
6.6228567 1.8955359
6.1075945 7.8860428
2.7946395 -4.5333257
-10.4152778 4.4433199
10.0874263 -0.1232659
-2.8295087 2.6099546
-3.0624838 -15.8017621
-1.3097789 0.1065119
-3.0538721 0.8440879
12.4509665 7.7415057
4.1665622 -6.4172250
-4.8531326 -1.7434452
1.3717583 3.2218769
8.6123536 -8.1780868
-7.5103107 10.8206081
9.4310827 -2.4782210
4.5754207 -3.2717373
-3.3235409 -5.0856390
0.4579225 10.5694255
8.6866417 10.7613296
-7.3413199 -2.2900364
-6.7448746 3.5426666
-1.9159787 1.8597451
3.5599723 10.9837471
-7.7493175 0.2189445
-0.0969493 -0.5817692
15.2993305 6.7761627
-0.1729148 -1.3110026
-0.2873932 2.2171802
1.8566121 1.6897422
-3.0225208 1.7948906
-14.8931727 0.8228882
13.5048002 7.5830241
14.4567145 -5.8581334
-0.4075461 1.8906112
3.6160586 -2.7897304
-4.8387843 4.7288696
-3.1499060 2.7399606
-6.0794977 0.6108275
6.5468932 2.5013691
3.1971197 -8.1595383
7.8387059 -7.1030065
-5.6755337 -8.6103093
-3.3079811 3.5207143
-8.1227442 -3.5247885
8.5867692 1.7315955
13.7878420 8.8681574
-6.2078221 7.6218616
-6.8713018 4.6132699
9.2253695 -3.1094448
-0.7055117 -6.7875761
-4.9319294 0.7435936
0.7333599 14.2570928
4.0991346 -5.8558522
8.8859676 -3.2273641
-4.1608167 -1.3527023
1.3376188 -2.0502594
-4.0641410 6.5798127
3.2310908 -7.0012576
3.1238228 10.3226838
-7.8276952 -3.8100877
15.5700989 5.6364728
2.3639774 -3.9108726
3.5359510 -0.4110907
-2.6995339 7.2484451
-2.0757609 -14.0087960
-8.1990020 -9.3266758
-3.1710919 -0.6961528
12.2236295 8.5484156
-1.2730001 1.2170013
-6.1224360 -5.4784121
4.1983355 -4.2048437
-8.9336079 -14.4214772
5.0599891 -2.0530882
-14.4787302 1.2609675
-1.8498513 -3.2716713
3.9826028 9.4203143
-1.7760005 4.3756939
14.4775188 -8.1939714
-11.6526596 12.3973385
-12.1367867 -4.4938532
1.0249831 -3.4525774
-5.2384391 15.0201596
-4.8091393 3.1260656
12.9769850 -6.4431332
-0.1785229 7.2386991
-4.4807980 -6.2561472
5.2623154 -0.3696486
2.7332527 -0.5601876
0.7219976 -7.9415196
3.8239011 -1.6438901
2.4638687 4.3806704
9.4444398 -2.6529727
-6.8581006 -9.8146861
-1.1014396 -11.8993111
0.4844328 -5.7278933
-1.4141795 5.4244192
-14.7202658 1.7413115
0.5327933 1.1915448
-0.7883378 -9.0186205
-5.1065898 8.6446901
-4.9785090 -0.5048036
3.7354336 2.6802684
-10.6872039 -3.3292249
5.1198874 11.1882933
-2.7264083 -0.0867691
-14.4370112 -7.0679561
9.4079096 7.8249780
6.1743181 13.6752096
15.2267725 3.3622106
-6.7039890 0.2351026
-0.6065688 0.1840096
-1.2357140 0.2852823
4.9068868 -1.9559556
-14.6769309 -0.0893875
-5.0064769 1.6273390
9.4449584 -12.1123518
10.4553723 11.7932993
6.2976576 -0.7616084
-1.5973329 -10.5995987
-8.6969125 12.3448238
2.2326743 5.3372057
0.1924836 -10.8975322
16.7506303 -1.2856772
-0.4746944 4.0539781
-1.4573643 1.9525294
9.5435428 -10.0222546
1.3434680 1.0379962
0.2678451 16.8888271
-6.1334500 8.7642806
-4.8473928 1.7807260
-7.7674070 -0.5194917
-0.1919258 -4.7485335
-15.3453909 -4.4809546
0.7994395 9.0447820
8.5106026 -6.0052186
8.7268337 3.3295740
-3.1932492 -1.5275281
-7.4182028 5.7255752
4.8151471 16.4901622
0.9988880 2.5306215
-6.1962601 -3.5588039
6.2580769 1.3436205
3.6011642 -1.6530021
1.4808831 2.2959302
1.2780018 4.0943588
-11.9065342 -0.1790272
2.1710974 10.3972550
-4.2091621 -3.7058742
3.0351572 -3.7726865
-15.9398128 2.5289869
6.4739700 -1.1117163
-2.7836609 2.9132393
-4.3533271 0.2979544
3.6679907 -3.0386607
11.1556542 0.1501601
5.7735340 -2.1488764
3.0112467 -8.1369298
-14.5125322 9.2945264
-0.1971832 -11.9105909
-0.2683151 -7.3171298
-4.2444057 -5.8578138
5.4613492 -0.3418719
-0.8232629 0.8489290
-9.7559166 5.4202539
14.4573804 1.8719391
9.0227664 -0.9247435
-0.4182586 -15.1230190
11.2533736 10.5855540
2.4131211 -3.0605327
8.3264437 -14.6043528
-6.8730963 -5.1956313
-13.5559600 2.0623205
-7.1281342 -5.8125989
-11.3181561 -4.7522833
-5.9584282 10.8727790
12.8187534 8.4831166
-5.4699714 1.7550165
15.8719764 4.4842014
0.0721735 8.9652706
-4.6748077 -1.6662665
-8.7907068 -1.2787276
1.7681005 14.4878823
5.7042493 0.0223164
0.8386967 1.2382385
-13.7129414 -7.7375750
11.2365261 -3.0277997
4.5325626 -2.5951440
8.5198533 11.2701246
-10.3998295 2.1904096
-13.4058568 6.2746261
8.0383864 -13.7800981
4.2113352 13.7240605
-15.7323939 -3.7924457
9.0125103 -13.5018791
12.5749212 -9.1181986
-0.3643117 -1.5055751
-11.3893189 2.2920853
0.7260648 7.2989895
-5.6292462 -10.5421504
5.0054718 -0.8316938
-2.9345383 0.2406092
2.1973162 12.8238233
1.6428370 8.8437494
-1.6107158 6.3703309
13.0584163 2.0651100
-2.6798784 16.8871383
1.9622233 -5.7653198
2.8150883 4.8408420
8.9415454 12.9192475
-8.9768806 14.5207514
2.0481684 -2.2273345
-7.1870507 -10.6723455
1.0839290 -1.0523809
2.7970859 -7.9768761
5.4969731 -2.1208419
8.0638477 -11.3846800
3.5473602 -0.6097124
-4.9897702 -7.1950018
6.2880814 -13.0266574
-7.9547353 6.2346081
2.8765074 3.2668030
4.1338732 15.7999735
-10.4106254 3.2122926
3.2099518 15.2706124
-2.1968928 4.6785420
-4.0962504 -0.6421348
0.1550301 12.7902959
-9.2539213 -3.5737342
6.4904511 11.8912127
12.4379322 -0.8529775
5.1152371 -2.0070290
-15.4083530 3.6206422
8.2023078 -3.5081427
3.3013291 0.0131899
11.7298086 -12.7458858
6.1403381 -2.9535465
-10.9270948 4.2438215
-4.4270257 -3.2522157
2.6748683 8.8254891
11.1423682 -7.7557720
4.2045535 -11.0561728
3.1540806 2.8432368
12.6271040 9.5847192
11.3524564 -3.7013108
-8.2285453 2.3838624
-15.2804445 -2.5569497
9.0654878 -7.4410713
-3.3171185 3.5588569
7.3436033 -14.6281503
2.0227808 4.7484299
-5.1355491 1.6764886
1.3124091 3.2327982
-7.3192375 5.4958954
1.6424028 -0.3164215
-0.9297921 1.8114455
4.8783321 -1.5362148
6.1966845 0.9545178
-5.6927013 15.4504905
3.9430878 -6.0330703
-0.8034647 -3.3647393
-11.3107023 -0.4502883
1.6105088 12.1599291
0.8617247 14.5009725
7.3543654 -3.4285079
1.0127733 4.5497006
5.4770737 10.8610644
-2.6230349 -10.0307702
-6.0036610 7.1647198
-0.7815883 3.4100844
10.1791663 0.9388265
-4.3464556 16.6351539
-1.1952413 -3.7755817
-3.2964199 -13.5572362
3.8064687 -6.8676285
-0.0306798 -1.6593369
14.1073677 2.3954085
-0.6215442 -0.5555823
3.0371891 4.7592688
-13.8651873 -6.0501134
11.5916578 -2.8654026
-7.5813768 -14.9437694
6.8797603 6.8954379
11.1023789 1.8514682
-1.1270875 -15.3473474
8.6076193 -4.3402124
12.1192283 -9.0157140
-14.3412621 -4.0318609
-1.1693578 5.1558553
8.1442400 -0.4115845
-5.2588987 7.6588432
-3.0209536 -1.5194723
-0.0697838 -5.6555442
-7.8656951 -3.3142827
14.4597800 -2.7143935
0.3557521 0.6034115
-2.7045459 -4.9827765
-0.7711374 -8.8081173
-3.2669505 -4.2769546
-0.7461909 -0.1889290
5.3133477 -7.4014962
0.7075701 0.6168920
3.9864467 1.4976529
-8.5650765 1.4909815
-2.3925692 3.6116818
15.6279554 -6.6083850
2.6015475 -11.4557109
14.0943982 -9.9944672
-8.9672283 3.9625271
7.6057782 3.9602231
13.0074007 -6.7857862
-4.0349685 3.3581822
7.7051253 -0.2870789
16.4800928 0.7566744
-1.0389186 -6.0660415
-16.6739331 -0.0762694
7.6454781 -4.4915609
16.3157684 2.9158279
-1.6068893 2.3270187
4.0246042 1.5532579
-14.8930705 -2.9790217
-8.9090100 -5.7372783
6.4535627 0.1834954
3.2052788 -3.7604182
-2.7405334 7.4959353
2.7584311 -4.0578672
10.7410488 -3.3925498
0.5061382 14.3102486
1.8676983 -5.1580254
15.0234723 -1.7932506
-3.7928989 -9.7431733
0.9612895 -0.6345833
-16.8312236 -0.1524141
-9.2352180 0.6184949
8.6281499 6.5920085
2.7993771 -3.8856322
14.4865640 4.6558501
11.3799026 8.5672740
10.6534336 -7.9412190
6.9763012 -2.0998681
4.6658681 -2.6508594
11.5953422 11.9098972
-4.6734868 2.8069505
-12.3904864 -6.8359455
-9.0742787 0.8712271
-10.5298810 10.3968846
-2.8513124 3.7389426
-6.9062737 0.0041091
12.4374495 1.6818943
-8.9011905 7.8478190
6.4309182 -1.0253907
-5.7141217 7.2098433
0.3903585 1.8173367
0.1086146 -0.1328933
-1.3547224 -3.6585843
-11.7481337 3.0155085
16.3337323 -5.5660230
4.3715418 -2.4122378
-8.4921897 -13.7391295
8.5959510 -12.6520032
-8.3966398 -3.5077773
-4.0223929 3.4629379
8.5381052 -2.4529068
-0.9433179 3.9112451
-8.7288790 3.3080048
0.8540925 15.9795754
6.4884638 5.5995328
-0.1663092 -3.2983435
1.7476293 -2.5410074
-0.2650983 0.1976998
-1.4466468 -1.8590029
2.3881848 0.3450374
-12.1965518 -0.7182988
0.8637604 0.1151399
3.5108936 -0.2350642
-11.4692909 -11.0116780
-2.5799380 6.3744596
-6.6376922 3.1998371
-9.2894944 -8.5401437
5.2603043 13.5338087
11.1105802 11.2088784
-1.3004937 -0.5721554
3.1197827 8.7637549
0.8437190 10.4968415
-2.1239579 -3.8031138
9.7038563 2.6699056
-5.0432736 14.4571919
15.6838205 -4.8855045
-5.1128307 15.7710262
-17.1031280 2.0717435
0.3319062 -8.8832022
8.8895671 1.1868848
6.5387736 6.5231260
2.9854931 -1.9375224
-6.6211985 3.3672089
-0.2038102 -3.6445114
6.9106938 -13.9383117
-0.1624448 -1.9246961
3.2124490 4.5939142
-1.4410959 -1.7138469
-3.1472005 -3.0940896
7.0285494 -5.7053017
11.4599904 -11.5076245
10.6083152 7.0671376
7.5373150 -10.1158585
-3.4998231 -0.3709001
4.1340261 -3.4928449
11.0798588 -0.2804089
-9.7878249 8.8301028
-11.4481110 -4.0577846
12.6058126 0.0746571
7.6212872 -1.4818694
3.2179496 -3.8826862
14.8809726 -6.1698178
-16.2769525 -0.4164757
-2.1166631 8.1144934
-0.7469056 -14.0048912
7.9786698 -0.5622907
10.4647871 1.3558590
-3.6332596 4.6232019
9.2900783 12.2885955
13.6920535 -7.4604382
-3.5850160 4.0173154
1.7337829 2.4701263
-4.8517422 -11.2207783
3.1411046 4.4701329
4.5781281 -9.9469614
-5.4397218 -10.7651402
0.2681201 0.2232899
-1.3828666 -15.5272057
0.3805749 16.8817817
-1.5042842 1.6188326
11.1596018 -4.6278487
-6.7889305 1.9111469
-1.4285170 1.8989899
0.8342905 1.8395400
-16.5191192 2.8586165
-0.4537237 7.8750908
9.3676215 2.2533280
-3.2273622 0.4373501
4.5836862 -9.7340163
-0.8240323 -8.6236830
9.3789766 -9.8185276
-5.6274095 0.8429902
-5.0198610 9.5175749
-4.1508629 -3.9257971
-11.8012851 4.7516809
1.6858581 -8.4604376
10.8732906 -12.1265136
3.3575597 -3.3287835
7.5708644 -8.4330749
-5.6126300 -12.3666842
11.7116141 3.2729492
12.0784095 9.8869327
-7.3730663 -3.1678174
-5.3502787 7.4903784
-0.3892670 -7.2059453
-8.0209320 3.0274756
-4.0716492 -2.4796731
-9.1903267 3.3970961
-0.4262197 4.1381756
2.3354348 -1.1262039
14.8990865 1.6343215
-5.7886324 -13.6135077
-7.2791816 -5.3011441
-13.6240377 2.3849090
-2.1061438 0.2062804
-5.7821960 -9.8364700
-2.6399483 4.9777141
7.5524747 -10.8397612
-0.0163755 -5.5148105
9.9687777 3.3249359
1.1337846 8.4078152
-9.1682678 -0.7507817
0.9546540 6.2204438
-4.5452420 -3.4562918
4.7291076 0.9104196
4.3316791 2.6564187
9.2303446 -12.6261160
1.5535273 8.4133290
6.9326987 15.2328276
10.3268614 -3.0948080
-1.2887482 4.0327327
-0.0077647 -1.0107459
7.1419393 4.8461632
-0.5892188 -1.1607109
4.4829785 9.6512447
3.5100523 3.9333212
7.4590764 -2.6301335
-7.0459216 -14.9834426
-0.5291742 3.1159398
4.0157162 8.8518819
-4.9298429 2.9959290
0.7732870 -4.2108902
-4.5595932 3.3974664
4.7414289 -1.3626550
2.8099114 -3.9207529
-1.2011359 -12.8500176
0.8368633 -3.2731923
5.6787182 12.9921096
1.8155227 5.3108160
-5.8769251 -4.9034829
8.6449330 -13.1934312
0.5069186 -2.1862030
8.3380429 13.9790057
17.1282816 2.3971431
-6.5242510 8.8183748
5.7914826 -15.2911870
-3.9701897 8.5928994
2.5462116 -0.2037076
7.9598421 -14.3637973
-9.2142318 -0.7960745
-3.8751636 3.7742268
5.0027509 13.9612505
15.7579597 -6.8103871
8.3684885 4.9515813
14.3447782 -8.4921210
-3.6954497 9.9651956
-7.4213089 14.9172681
11.0830334 -7.7522286
5.8345615 11.9284322
0.0117400 8.7624388
4.4347987 9.1822475
-0.4747334 -0.2016123
5.9375104 14.7795284
0.1912804 -4.7462512
3.7151986 5.6610037
-8.9068016 0.9586796
5.4471444 -13.2101185
-6.0459231 9.2274834
-14.6573716 4.2683646
5.9180225 3.8069327
-10.2129511 -0.8759212
0.6699254 -2.2572707
8.8980942 -1.0007515
-1.1055672 3.6909832
-15.2451326 -7.4613289
9.3723615 -5.8017174
2.7271542 -2.9900101
3.7030172 1.3097603
-3.6559898 4.9365314
-5.6217602 -4.1822773
-15.3167165 -7.0773082
-12.5180817 -8.1407843
12.5458848 -4.5464940
-1.4666570 -1.7407105
0.3229908 -15.1256492
0.6051263 4.8193460
-2.3124877 9.4758891
-11.4771439 7.9116919
-0.8836452 -1.3394080
3.8384938 -3.8783103
-0.6892061 -13.8278306
0.5984264 4.0670981
13.8853603 -2.5962536
13.2616806 1.1414591
6.8201234 -0.9669547
-12.1761507 -2.7221032
-0.0896903 -6.5466930
-0.4891427 -0.3348113
4.2887797 11.8554596
-4.8007867 -0.7564853
-6.3236865 -6.1776404
1.9926456 7.3033115
6.1068015 5.5342158
-7.2965713 2.8791813
-12.2696186 -3.1520706
-5.8289913 12.1311712
-7.0290902 -8.3062964
-5.2932655 0.1613569
-14.0914930 -5.7273403
0.7941689 -2.9139162
-0.6581211 5.6764323
-9.4969844 4.7516163
1.1129323 -8.3830024
3.0715365 0.7826008
4.8133526 -0.6501855
-15.4672053 0.6544494
-9.7326412 4.4393200
-3.5100753 -1.8781678
2.5903194 -1.4501210
3.8318161 -10.1630204
-2.0438480 -7.8793022
6.5516440 1.5759633
4.9483667 -14.5559459
-9.3637947 13.0987401
5.0167796 2.7868095
2.4881366 5.2728105
4.5690471 0.3233982
12.4843673 3.0821456
4.8373443 9.7482567
-2.1813339 8.5651719
10.4198832 8.6207018
2.9648116 -0.2885056
-2.5607521 -13.4235700
-15.8999052 6.4260490
10.5557497 10.8040889
2.5158659 -4.5542754
-3.0782441 4.3185152
-15.7922112 6.1378656
10.9849518 6.1785642
10.8304429 -2.1508597
4.7505436 -16.2282731
-5.4187173 13.3992008
-4.8823277 -5.5094156
-14.2612636 -2.2793691
0.2391068 9.5954519
-3.4209741 0.9332881
6.4899604 0.6207165
-9.8805814 -0.9038895
-9.3818596 -8.4695399
-13.4993286 -5.1246308
3.8319219 11.7608064
-10.8224875 -0.8146666
17.0351967 0.0677941
-10.7765783 3.4611485
3.6353318 0.4306606
-7.6019575 -9.1849691
2.2934898 6.6489228
-4.7055066 -8.8287526
-1.6487620 -2.5027896
-9.0133524 14.2294514
-6.5561584 -4.7561633
-5.2223417 -6.4754694
5.5814108 14.1731501
-6.1788296 -7.9922531
6.1530273 5.2412259
-10.0035911 5.5294370
-1.2964054 10.9187278
-4.6562796 -4.8581606
4.2108909 14.4237844
2.1127579 5.2379474
5.8340361 8.8298736
-3.1610527 -6.3277107
-1.4095358 -3.5824388
5.7857160 -12.2119988
3.3001284 4.2200318
3.9634008 5.8773615
9.0027732 -0.2956297
10.0590992 2.6213766
-2.1707074 9.6472394
2.6894134 9.4295700
0.5292794 0.0392858
-14.1664992 2.9814797
-4.9331992 -0.5729380
0.8323658 -13.4087558
-4.5516500 -9.5983739
-4.6422696 -1.6867635
6.2866392 6.1272668
-4.9738912 11.5520165
9.5869714 -8.6796364
9.9277928 -11.3038823
-10.1784788 -2.3078344
2.3845989 8.6474696
1.3969291 0.8845229
-2.8803015 16.4770752
2.2302476 2.9345048
2.8115829 0.3532457
5.0510943 -4.9063868
7.3800557 -4.8561476
8.6318430 -1.8333325
5.6508163 -8.0483510
-5.1751694 -12.0737235
-15.7943500 -6.4621588
9.1319275 4.2754766
8.7821949 -13.5056972
1.2301912 -1.9475638
1.6473777 3.1522854
2.2362951 -2.5728502
-8.7797300 1.7320092
-3.3643976 -4.6556823
-12.8511724 3.2901967
6.8945181 -13.6922782
1.0169135 -16.8686985
-7.2534302 -2.4398473
5.9039435 -2.4136611
-9.5509005 -6.2111823
-4.2562811 3.8686670
13.8282935 -10.5344973
-0.0886424 -8.6254383
5.8865206 -11.5617584
1.8784231 4.4821257
-6.4835216 -1.0732911
10.4937815 -9.2921293
7.0438749 4.0840753
-5.7651649 9.0700738
6.5002183 -1.2807830
-1.9637073 -3.7076311
-8.2636680 -10.6993704
0.5596241 -1.8041491
-2.8593579 -9.0293348
8.2184508 -6.8219021
-0.4392031 -3.7315741
8.2875849 6.4289450
-9.6985871 -9.6396449
-11.6902166 -5.8709221
-9.6407503 -3.3526739
-4.0011116 13.7535712
9.5464217 -4.4647308
-6.2587181 2.2634125
12.0581878 4.4229656
-8.0111088 -14.3364502
0.3390933 -10.5975047
-6.2194396 5.8487566
5.2103685 1.2086162
8.7057239 0.5006620
-4.8520108 -0.1032260
0.4261214 -5.9627210
6.1316208 -5.4432132
2.9364494 -4.2354888
-5.1438659 -1.4911721
-12.0292116 -8.6413504
-16.1757992 -2.0739856
-5.8534266 5.7582149
-11.4090773 6.0462420
-2.5171400 8.8885726
3.7081020 -9.4183317
-9.9406104 -11.3780958
-3.3114101 -0.5351880
2.3126066 2.1879029
-2.9862486 -0.5102599
-12.7144549 -0.1134695
-12.6765868 -11.3391330
-2.0127785 -8.3886841
-14.0581442 -4.0593874
0.4844161 -10.6430981
4.0542443 -0.5484997
-9.1454937 4.0744801
-1.0992134 4.0232325
-7.8793609 -0.6778093
-5.0026563 0.2461453
-8.5548057 -5.8885689
7.0427375 0.0950607
1.6003677 -4.7782969
-2.7208064 -10.9932838
5.3769277 -1.7767596
-1.8025195 7.5645865
1.6180392 -1.7157760
0.5568057 -4.4814471
7.4978767 -3.7758576
-2.2064201 -3.2103692
13.2035503 -9.4504614
-13.2677542 -10.4770423
-14.8673110 -6.6186539
-8.4843591 14.7972937
-2.7832603 -1.7122795
3.3647971 3.0984222
-6.4539995 7.5275459
-1.7136821 -7.2532981
-7.9332158 -0.0749295
-4.9948139 -6.2726091
6.5628255 3.8301744
-8.2765033 2.1248325
0.8676043 5.4234346
2.8999125 -4.6380787
-0.7059475 -0.2588790
-7.5977153 8.5767010
-0.4094691 -0.1527263
6.2840204 3.1124034
-4.2819344 10.5036840
-1.7008603 -2.6972558
-2.7051194 -7.7873578
-0.1191507 -1.2052010
7.3414241 3.9074049
4.6533001 -15.8424279
-7.9997997 10.2760084
9.1838613 -2.2484864
-2.1831730 4.0594251
0.9908486 -3.6387931
8.3099785 -7.9312936
-6.6486860 -10.4876730
1.5952321 17.1065283
1.6494086 -8.6070504
-2.2906379 2.8491322
9.6535740 -13.7758124
2.9875244 2.6168535
0.8497256 5.5298606
1.6051915 15.8484301
2.8206511 -13.7987714
-16.8233157 0.1420026
-0.9865932 -15.3969469
-3.5047890 6.9269909
-8.4724661 1.8275860
-2.3299329 4.6737191
3.1469982 -14.2494894
4.9395331 2.4973452
7.1616381 -11.5914038
-9.4625915 -11.5301395
-3.1506725 11.0647508
-10.4199253 2.6851589
9.5838257 1.9456330
-1.5710022 6.2217575
8.9345442 -10.7173675
12.9927732 -9.8100623
-5.4734418 -8.9965893
-2.7842306 -3.9494913
-5.0314002 -4.3685538
1.7359113 -9.3903806
-5.5383773 -5.8403366
0.6046182 4.4207100
4.1615535 -0.1308345
13.5962047 9.7314634
-2.7771239 2.3464963
-5.6289239 9.7314100
-5.7790820 5.6508378
-6.8867577 -15.1128758
-5.0284226 4.9936044
-0.1068965 -5.9471047
3.8874798 1.2444772
-5.7324555 3.6685402
-4.0411501 -3.3289342
-13.5370424 -0.5997245
-6.4479964 -6.2519508
8.7438762 13.7482058
6.9176695 -0.2469545
-10.3230539 -0.7171224
2.7067876 -4.2631141
-8.9565484 1.2271386
-9.3032481 -5.9269302
-3.4148424 -9.9656921
-1.0745209 2.3314724
-3.8292688 0.1140495
9.2352024 -2.0698187
2.3656070 -0.0161513
-0.3089695 -2.1268547
3.0973989 -3.6972884
-4.2816671 7.3129324
-14.0245724 -9.5430168
-2.7000442 16.8143640
-4.0865383 -2.6926598
0.2150553 0.4906180
3.0019189 -7.0625600
-3.7860585 -2.5112181
5.1504038 1.1599065
6.6189784 -4.4417878
3.4284103 2.4065404
-0.1304399 -10.6501371
1.2641026 7.0302021
5.0681169 8.7242283
-8.9603148 5.3812485
1.3795667 0.2739705
-10.2779079 -13.9987161
2.4426395 -0.7302508
5.0633559 11.7231474
-15.0534626 -8.3260880
-0.2795264 -3.7127952
11.1668666 7.9911958
-8.3165393 8.3210146
-8.0747963 7.6182514
-8.5099544 -11.8017849
-1.1953762 4.5025064
-1.5322285 -2.0094699
-0.4758105 -4.7642633
1.4591644 11.1984039
10.6866898 0.9142364
-2.7642084 -3.1793023
-0.4178360 -3.4305479
5.6440651 -0.8937620
-4.9096642 4.0727807
-6.2438694 3.8655522
6.0157726 -2.2050826
14.8318631 -3.7275799
5.3324539 15.6299806
-13.2449728 -1.3485733
-4.7816419 12.3859825
-2.1844639 5.9660228
-10.5710713 -3.9551361
-14.4973816 -0.0501763
-0.0799815 7.9924070
-11.5239484 -12.2542912
9.0543478 7.0294016
-2.2403009 -3.4367309
-9.8940142 -12.5367154
-11.9483004 -3.9713673
-2.5344647 -7.9549749
15.8046196 -7.1557752
-6.7726100 -6.0545741
-1.1046192 -0.2182797
-1.1776475 -3.8074752
11.5835760 10.2655675
-0.2701880 -1.0885589
7.8231105 -9.0911473
0.6854945 -8.0990119
-13.7001255 -8.4647313
-1.0962780 7.7290464
1.5095505 -12.4840308
-1.5245850 -0.8237121
6.1649187 -14.8743627
-3.7122341 -8.4709526
8.3282800 1.9343050
-6.3223225 -4.9269738
-3.0508592 -8.8497779
5.6444426 -15.9715254
3.6598907 7.4844333
-3.1112937 -1.0067876
-3.2511241 -1.5324486
5.5476074 -0.5288743
10.9946121 10.5242951
1.7730565 -1.9359839
-4.0711875 -5.5079868
-10.0445839 13.8359342
8.7063584 2.4876719
-4.5297592 -1.8181990
4.7906457 -0.0101433
17.1325572 2.6722811
2.8045275 -11.4554703
-3.0348389 -0.1862190
1.9471514 3.2661895
-12.1950436 11.2829105
4.9580256 1.8064482
-5.2611579 -11.8081257
10.3090117 5.6572479
6.9753991 -4.9618480
7.3299776 12.1924512
9.0222946 -4.9112814
3.8631536 4.4114299
9.7269795 -4.1024624
9.7290413 -1.8917005
10.5763961 -0.8722790
-17.0094559 -2.1423798
15.2804482 2.1786542
-1.0667782 -5.0735837
15.3648052 2.8384567
8.1874892 12.0036461
-0.3632157 -3.8230214
-13.7578121 10.3180071
-10.8130520 3.1991708
-8.6513632 6.2697536
-13.4379486 4.5472524
-0.5724974 -1.0495757
-1.5573003 4.9089657
5.5962282 16.4177234
-14.2235239 -8.5703959
4.0175390 2.0061833
-14.7688706 1.1061897
0.8393257 -4.5211210
-1.5287212 -4.6368760
11.7688502 -11.2739190
8.7712556 -0.1155789
3.3848222 5.8808670
5.9342274 -8.8754415
9.1746941 2.5111769
15.1687412 2.7928831
7.6592538 -4.1865224
-6.2769948 -5.8405421
-3.4085049 4.5274385
-7.9943904 14.3309752
5.8473993 10.5171082
-5.3288221 -0.7215133
-15.4089979 -7.2236609
-9.0521630 12.8200606
4.1063159 -0.3866767
13.2140214 -3.6680148
-9.9801788 -10.1805102
-5.8467920 9.0310447
-3.2732198 0.1364900
-9.3394318 0.9872155
-0.3723289 5.1917257
4.2644247 -2.9012540
-6.1525519 8.2142059
11.2932798 6.0868046
-9.3393357 1.8160607
3.4107121 -14.0549435
-14.6362459 4.9672825
-2.8753547 -6.8505239
3.8111504 -1.1816381
15.0943172 -6.6175194
-9.5158962 -2.1150907
9.6041139 2.6118117
5.8483617 12.8051949
9.7613905 6.5112583
-7.5885266 -4.8641864
-2.8671025 -2.0792530
-2.1058168 5.3241623
9.6406905 14.2073185
-6.0956535 3.4148974
-9.3890563 12.5895845
-0.4887075 -5.2644346
12.0824636 11.1896192
10.6983133 7.4062578
-4.4693095 8.6029337
6.3621205 15.4982299
4.6007265 5.3392420
-11.6600403 9.0615662
-7.4895011 -0.8230011
-15.4121326 -2.3368114
9.6572405 -4.7247284
-1.1373900 2.7387278
-0.6298686 -11.1138756
-0.0114333 -0.8621488
4.6544630 16.2982825
13.5478449 -6.3298147
7.6082234 -6.6966565
8.4658443 -11.9206745
1.0232788 6.1336192
2.9762590 -8.8476571
-7.6080407 2.6830315
-11.4318547 4.3755331
-0.9433937 11.3600975
14.6643802 0.4504746
3.8514635 -2.3449575
10.5417855 9.6558242
14.2992156 1.5344337
-14.7602545 1.7683471
6.5473005 5.0526473
4.8453641 -2.9425785
11.4108484 -1.7534036
-2.2033856 3.2209171
-9.7398758 -9.4232394
-8.7112577 -9.7940908
14.8788689 3.1693365
-9.2270841 0.1370646
-0.6878146 -2.3350718
-5.4925549 -13.7646853
-5.2383193 9.7277645
1.3013816 0.0909737
-11.6970973 -0.1572865
-10.9574955 -1.5642850
1.7393328 1.8620615
2.7368718 4.7131233
11.2899169 5.5623724
5.5154878 -1.1594324
3.4618893 -6.8711918
14.6821201 -7.5459025
5.0784005 14.7592764
-11.4575200 -6.7329634
-5.5018135 1.2135415
-2.5829962 -2.1608801
-1.3372507 -2.3767615
-2.7758499 14.7690887
-15.0122596 -7.9668826
-5.3479618 -14.3019276
2.3332197 10.2938611
2.0485922 -5.0076120
0.3350386 5.0065578
6.9473027 6.6409407
-1.6497323 -5.2000234
-2.2948501 13.6892437
-8.4073709 -12.0043788
10.3286360 13.1690638
-3.0016884 -4.7139803
6.1667415 15.0144535
12.1270619 11.2509731
2.2097586 -8.4867972
-8.5705172 10.5634335
-0.5462165 -4.7131730
2.3590669 13.7193158
-0.4443461 -13.0955453
-2.3627792 1.5313075
14.4496806 9.3217758
2.7500646 1.1115493
-11.0459725 6.9178300
1.2866779 -7.3800036
5.4417499 -1.0588990
6.2479852 -0.5267417
4.2878137 8.2670682
-2.9038832 11.3961153
-3.6681759 -12.1528308
-2.6439299 -1.3820561
0.6753544 11.0567887
-11.3282595 11.9473043
7.7289789 5.7307077
-0.0678996 4.3761896
6.4338191 0.1041738
-5.1684067 -3.2221180
-14.2521918 -8.3551879
-13.5732805 -4.3252184
-0.2690678 -3.0136124
-5.7163959 0.0576355
1.3183443 13.2184136
-14.7035567 -3.7001352
-12.9738579 4.6277994
4.3874392 -6.9187633
-7.1680790 -2.9748202
-0.4795836 -5.5518992
2.6513591 4.4215140
-0.1738527 -2.7406782
11.5419786 11.5941690
-8.5327158 8.4005371
-0.7157276 -2.1535131
-7.6308741 2.9967378
-2.4075356 16.3644064
5.2302558 -0.3476079
-1.5108524 3.6111728
17.0773727 0.2830450
-0.8042694 1.5525103
15.4915080 6.6192885
-1.1528126 12.7032230
15.3569507 -4.4334609
14.4175439 7.9497902
3.8980509 0.4950511
-1.5793312 5.0899178
2.3282081 -3.3587582
1.5886100 -0.2320529
8.9956452 3.6926296
5.0114880 2.6459739
-1.5452223 -0.1481490
-5.2868961 -1.0635726
-4.3352944 -2.1713850
-8.6586824 8.7381555
-10.0105881 -3.2990235
3.0648254 0.0710285
17.3546824 0.0606960
-5.0533055 -8.7396130
13.0337293 2.9375936
-7.8972148 -12.6957771
-8.1022908 -4.2700401
-5.6513092 2.7590400
2.1701674 -2.1521646
-4.8675411 3.0884669
-1.2713134 0.3903480
14.5498133 -7.1863238
1.0697349 3.2868497
-10.0463926 13.7488384
6.5694410 5.7571326
-12.0310627 2.9631288
-2.5298720 -4.2247973
-1.8232175 -4.7019119
1.6843862 4.6525050
0.0965373 -12.4168782
-1.1344192 1.3084828
7.3436579 12.1053399
7.9721277 15.0423031
10.0818222 -7.4994528
-6.6166459 15.9967396
4.0762158 12.3933465
-0.1257246 -0.6689204
4.8109810 -15.4422411
12.4156631 -10.7055311
-7.2602459 -15.6660324
-0.2634095 15.2896501
-8.9475142 3.7803098
-5.3959065 -14.7423031
4.5875440 3.7449147
11.2332597 9.2512195
2.4325273 4.7256903
3.7191434 -4.8658297
-2.5396116 -3.9911504
-5.0889435 -10.1485459
5.7348022 -3.6256193
-3.7655974 -5.2477751
-10.8294271 3.7958331
15.7951017 -0.2153480
-0.4867995 -4.7331782
-0.1877373 4.1195279
-10.9871083 4.9548078
-12.5528638 -3.7757224
-14.0276006 -5.7071695
-8.2386013 12.5124393
8.1208896 12.6440298
-5.0991693 -4.1992445
3.7063838 2.0091681
-3.2732019 -0.6664798
11.7326341 8.9466833
-0.8727934 -3.0332315
1.9280561 -4.9973816
-4.5434680 3.0994331
-1.7516034 0.2141701
3.7324374 -12.9309150
3.4062996 -3.4575651
3.3417721 2.5519265
13.5189295 -7.5349348
-4.5057405 -3.4699708
2.1692649 -12.9709396
-0.6545436 1.0594231
4.4222928 3.1870918
-7.9813436 -10.3222942
1.7415299 -4.3284405
-7.4768957 -6.2220791
1.2154081 -8.2553625
13.7087001 9.4701303
13.3847662 6.2258085
0.5725734 -0.2711118
-1.4623477 2.7503651
-1.0312760 15.1099770
2.0607310 -11.2174737
-0.8647624 4.0937418
3.6939985 -7.3193264
3.6113893 -0.3312409
13.3629642 -3.7572070
-6.9446045 -1.7309825
2.4752768 -2.2196689
13.0039957 5.1947479
1.4867981 1.5275581
-2.1240950 3.3020334
-4.0384721 -1.1506931
2.2082581 -3.9953507
-5.8001888 7.5376384
2.6688692 15.7180164
7.7544161 12.9758227
-1.0392182 11.4000463
2.0081670 4.0568730
16.8182115 -0.8873390
2.2661951 14.7216526
1.3383348 4.9019470
-1.4613210 -13.9714740
4.2772922 -3.5254609
-0.2991837 2.7681681
16.8966974 2.9550161
-0.0458329 -0.9976251
4.8630055 -9.0214044
2.5809947 16.9763345
-10.0964573 -2.5176717
-6.7959341 0.9382040
4.3444162 -2.4780579
4.8137066 -2.0148525
-12.2944658 5.1926249
-8.8076929 -1.1721972
6.3390634 -0.7343529
4.6958726 -0.5678908
-4.5539135 -9.2586871
11.4153204 -7.8839460
12.6106669 -5.4125893
0.0655019 -10.2895065
7.9796219 -2.4721283
-4.0089591 3.9723870
-9.6735230 12.3041162
7.1091458 -5.0059895
1.3652090 1.6554827
-5.6180315 12.5341315
-1.3247635 15.2102721
-0.2742193 13.7915352
-12.6155736 2.2358271
1.5773759 0.4987790
6.2935694 3.5437821
-4.0858242 3.4407971
-3.3262154 -16.4115712
14.5440921 -5.1018070
15.9619208 0.1799398
-3.3494313 -5.7343392
-4.6235643 16.2417679
7.7192240 -12.6900308
-10.1982250 2.1849789
-7.8631554 5.9721521
6.8846796 -5.4005910
7.3756017 7.5273074
-6.2159974 2.6358113
-10.2047560 0.9678320
1.5526374 0.8597404
-4.9148954 -9.1712521
-5.3227063 5.3146720
7.3625185 -4.5086725
-2.0700266 -13.8658677
-12.6117551 5.4729385
-10.3646573 -1.8240020
4.1593343 6.8758729
-4.3175417 -0.9845505
10.5583993 11.0098712
8.6513405 -4.1273768
-1.2366324 6.9352579
-0.7896033 -1.9365660
-0.3816900 1.2084605
-9.5021855 7.5419088
-4.1125632 1.1641524
-2.5633034 -16.7969269
6.2215771 -15.8696703
6.8108566 10.6470761
-4.9529309 1.6926762
-6.8848575 12.9962313
12.3632453 6.5979192
0.6879641 5.5403633
-2.1449751 -4.9499108
13.2616451 4.6524202
12.3506502 -4.2028872
-7.6730052 -9.4190459
14.8203389 0.7489506
9.3489697 7.8006764
-8.8793430 10.4046773
-7.1216239 -3.2437699
2.0847527 10.9726178
-4.7216197 7.4558414
-0.8436318 8.4921340
1.3610118 11.2341750
3.0862098 -11.0913611
-1.4560862 8.1767573
0.5828103 -0.6329143
-11.4224432 8.8862842
5.7337115 4.3624008
-10.7804045 -5.9232882
6.6999988 9.8002355
-2.8460627 -1.5742450
-0.9230502 12.5172217
5.9072371 -7.6624476
2.9292620 2.1269863
-15.8481953 -2.0218862
-1.4195768 -2.6926555
-8.9041724 -4.9394687
-2.0377552 -2.3340418
0.9957245 -5.5792466
1.0317836 3.3296769
-0.3390194 -0.1959037
-8.4280079 -3.2715237
-3.9030199 11.7188871
9.0069515 -5.2719037
3.5684410 -1.5417925
-3.8267517 1.0335002
-2.1885449 -9.7589700
-9.4616252 -1.8382368
14.6026921 4.5921853
3.0171894 -4.0194362
-15.0636324 3.7547304
11.4316540 -4.1130335
10.0471596 -3.8685247
-1.6042302 2.2735060
-3.4079459 -0.7863424
-1.8285354 3.8630407
3.5758621 3.7387274
11.2186857 3.9043932
13.6782258 3.5622796
2.3009029 -0.0744801
-0.3450338 1.0142465
-9.2492595 -2.5771633
-12.9826018 -1.6529879
8.6454541 5.7904574
-5.7115601 -0.4753339
1.4994502 5.3458917
5.6033376 -14.8162195
0.5551445 2.9311968
-5.0601610 2.1030168
-2.2829568 -7.0026595
3.1584803 7.8326550
-10.7140298 -0.6420011
4.9198806 0.3272936
-3.3316174 -9.2004456
-0.3694530 -9.5715203
17.2579853 1.3346084
-5.3423306 8.3259092
-0.5393716 -14.3534262
-8.3849809 12.8729084
14.0665318 5.9859863
14.0947977 -3.2159899
-12.9202474 1.4015875
-14.4859474 -0.8106370
-3.7285868 -0.8485579
-3.8817269 -2.3082462
-2.7063845 5.9517369
2.2752017 0.9594946
-6.0634017 -14.5053739
4.5058322 15.1413409
-0.6321138 -0.9216244
-3.6278112 6.1577255
-1.3886446 7.9898044
7.2427716 3.6592896
2.2246881 0.0932900
11.4016459 -11.4633090
6.5661214 -4.5635808
-12.6056281 -5.5745607
3.2892084 -0.9358395
-12.1999106 8.8526391
-9.9867885 -5.6059658
-3.9673561 -2.4244541
9.3289747 -5.5616243
-4.8612238 -2.4109234
5.7170527 3.1658442
-13.2965300 6.4243389
1.6362630 0.9998975
-1.4343011 -12.8248872
-1.5055360 -6.5654382
-9.5314859 -2.2463431
-3.1834668 9.4144518
-14.6422450 -1.1380077
-0.7437311 13.1237803
5.2018348 1.9341782
2.8610297 -1.5587132
1.9153386 0.5829220
-4.7767042 -12.7586017
-2.0127823 9.9789399
17.2692375 0.3956437
-6.8181021 14.3334637
-12.3118674 8.7801145
1.0679972 4.6519703
14.5813279 4.7322610
5.1102643 2.7038923
0.8812737 7.7827074
-0.0847091 -1.5011877
-7.6506028 1.5239026
11.3963820 -5.8649782
3.2094406 4.8074867
-5.6525791 1.3644852
8.1149462 2.8298760
3.6464519 -3.9376617
0.5529818 -2.3748515
-12.5459371 -5.7944946
6.3403657 -6.8872964
-11.9867913 11.0759143
-4.9646189 6.7791980
-12.2418137 2.9380883
0.1384510 -1.6478412
-5.5196872 4.0209504
10.8315832 0.1113834
-1.1654183 3.7620073
-2.8518358 5.9389680
-14.6894310 -3.1241060
2.6992084 -6.2558075
4.2035021 15.7722686
-11.4159384 11.0097577
10.3066148 12.6331160
-0.1189096 5.5447637
10.6001183 1.7878101
2.8997111 0.9697938
1.2026317 -0.2705778
1.3136669 4.4394324
-2.2468570 -3.6605957
5.6560843 -4.5516141
-2.7352372 3.8577422
-13.3396458 -7.5255351
4.9274634 2.2036654
13.8373803 -6.1588497
-0.4369509 -2.4459233
-1.4396822 5.1472921
1.5842941 -9.6370610
-8.1262304 -12.7894460
-0.4842467 11.9763205
-1.0464470 1.5439431
-15.3045033 -7.0137295
-3.0209036 -2.4168162
2.1325951 0.0575206
1.1984704 -6.9394930
-5.8710068 -6.2856226
0.9422362 -4.0394321
-6.0423750 8.4612992
8.9701425 -12.8324613
-12.0244441 -10.0526602
-7.1189985 -3.7333641
-4.6442057 3.2526583
-7.3567122 13.8826669
3.1605051 -3.7274258
-9.8261220 -9.7504464
-0.0626232 -7.0881480
1.6080556 -0.5645194
14.1819852 -3.8171946
-1.7704261 -7.4408916
-6.0158133 13.3015208
5.5304855 -11.6485669
-3.6000160 -2.6200121
-1.5514117 1.0280225
0.8980143 0.1700065
1.3134935 -10.3082225
-7.6307120 8.0037575
4.4615663 -3.3572960
1.3269961 5.1772712
8.8122232 11.4480682
1.9049021 -2.9378360
-12.4053496 -10.4651953
4.6281041 -8.0050366
-3.6428204 -10.8945550
11.6057398 3.1312975
5.4567764 10.2972407
-0.1108130 1.4158376
-6.3314824 15.6062895
13.6054244 5.5756605
2.3939864 3.9064134
4.7746223 0.6972378
-2.1599227 -8.9378047
-0.9973777 1.1319878
5.0473630 11.5810184
5.7784199 2.5989257
-11.8119571 -1.1312305
4.6913168 1.6120236
-3.6174349 -4.3993183
2.3848904 -6.4061678
10.6981730 -4.3844493
-2.5675393 -4.7544948
10.0485546 5.7671901
2.6587846 15.5404643
-1.8108615 1.6698660
8.0521674 4.4502153
-1.9177581 0.7932013
-13.1400371 3.5064902
12.7533387 -3.7054735
12.9357453 2.1793625
0.4561782 -4.5382751
-14.1779927 2.8762219
-1.8869985 0.5772418
-13.6745733 -4.2260960
1.1752055 -9.6713497
4.1439154 9.7083357
4.6969946 -2.9409591
-1.3827950 8.8890993
-7.2521474 13.7474780
-1.1742753 7.5028180
-1.2199262 2.2278171
4.6947008 -14.7034127
-8.6150648 -5.5385767
7.7047230 7.8571894
0.0406933 -3.9030625
-6.8778931 -8.2865061
-0.1105290 -10.6405033
-3.1433328 -3.6124096
5.4780325 6.8999569
4.4473809 2.8722913
-15.0787010 -2.6042020
-6.9249505 11.2135481
1.0463644 -2.2468293
6.9037714 -10.9387280
1.5364076 16.0256957
-0.7040999 7.8668234
1.5352155 -7.4347937
-3.4214377 5.7242819
6.0245423 11.8268118
-1.1508951 -1.5069991
-9.7312554 2.1684490
-0.6556243 9.1782384
-1.4741026 -1.3924032
-2.2714917 4.6026813
-15.3294011 6.4116101
2.4936957 -3.4189946
1.5814489 -1.5690894
7.1375083 10.2477226
-1.5185996 13.2268203
-9.2956652 14.6150467
10.2578595 -12.0645935
-14.2869056 -3.9637332
4.8864521 0.2009639
2.1886483 -10.8708263
-0.7656967 4.0821415
6.7798807 3.6427487
8.3699266 0.5887340
-7.7555621 7.0986507
-8.6247350 6.2434952
-0.2334494 5.1340134
-15.4798446 -2.3789785
5.0657894 -0.2843738
8.9597772 4.7217405
-3.2880036 11.4603425
15.5686266 -0.1458001
2.4291178 -5.0090568
-9.6208406 8.2004297
-4.8437829 13.5252166
-6.4832794 12.9972552
-9.5838679 -0.8554725
11.8542506 10.8505224
-10.8123445 -11.2601748
5.0705407 -9.6280333
-9.0861099 -4.9627548
6.4859320 12.0560582
-10.4990497 -13.5446270
12.9836781 -3.9563672
-1.9170077 -16.2312726
1.1465797 0.3453143
1.9999298 1.6438292
9.2096129 -4.3669585
1.5719153 1.0156861
-1.2639122 1.5394443
-13.1713360 -11.1360125
-11.6512754 -7.2625741
-6.8092445 3.5441735
6.7765244 -4.2086816
0.9225699 -10.1278538
-2.6334796 -4.4479062
-14.4444323 7.8476573
2.9822591 -8.0377569
7.9789184 -11.3857052
-6.4489433 0.2003090
11.5115900 3.2655137
-6.4392935 11.4466319
0.2321713 0.4281286
-16.7737141 2.3965557
6.7351106 -6.0131262
1.2198119 -2.0179860
-5.7372175 0.0214524
-7.1307775 12.4650919
0.1814638 -0.5886593
-13.4306266 -10.5603868
0.3045928 14.9929031
13.7772371 0.1025665
-7.3286258 13.6589422
0.4173715 4.2348669
-1.7962738 7.8731500
-1.2568963 -5.7692351
-6.8921289 -12.5889445
9.4041484 7.9497420
3.1657489 -2.7048047
-1.3253811 3.7191435
8.5230534 12.3587233
7.2682555 1.6646265
-5.3696248 10.6930856
4.6920005 16.1529301
8.6524390 1.9870226
-7.8453044 5.3161226
-0.0197911 4.5866907
-2.4052636 -4.9178450
-7.4271565 2.7074035
-3.6752041 13.6130040
3.4946438 13.1492901
-7.6803412 11.9009791
-8.7299975 4.8811501
7.7807758 -11.9880452
-3.7946325 0.4899196
-2.1802374 3.0460125
1.5944407 13.7434231
-6.9783557 -14.1830619
-5.1590039 2.0278920
5.0593270 -8.1979770
9.8240176 -9.3263658
-16.9533314 -1.0925989
7.6979284 -5.5364758
-13.4138207 -9.1673302
1.3720132 -2.3255184
12.5834068 4.6931499
-0.9305547 4.2401913
7.1102167 2.8674485
-2.0884383 -4.7419254
8.6599215 -2.1993701
7.8586918 3.5081710
-3.8558406 -8.3683792
-16.3449185 0.4981538
-0.9907026 -5.2767027
-1.1234193 1.8071758
-3.7730859 4.4537829
-8.0459636 -7.4438906
2.3608270 7.4897241
15.4244641 6.5418819
-0.2469113 1.1728210
13.9158693 1.0017315
11.5034366 3.4584895
0.5819246 7.5985357
-9.3685283 -6.3593803
9.3186492 6.5688765
-8.1063593 13.7887592
-5.3790644 -6.7567296
-6.7800904 -3.6698887
10.9875834 11.1413226
3.6453511 -1.3959624
-0.3600273 -5.4030255
-7.8556007 10.8046625
4.4624472 5.9771137
-15.6962771 -3.9215099
6.1541429 -9.1587257
-3.3725649 -4.0478845
2.3174277 14.6731819
6.0737260 13.1825340
-5.3330871 -1.4223913
4.1309173 0.9428534
-3.9806553 -0.5940694
3.2725942 -1.3630922
14.7329494 8.6117901
-0.8356335 -1.6367690
-2.1501554 1.4749258
-2.9970219 -2.9789918
0.8415158 -1.4210481
10.8176749 -3.8168466
3.7173201 2.0508434
5.8079395 10.0100975
-1.1067112 -2.6220364
6.0641504 -9.0429298
-7.7405805 -11.4596792
-9.6957825 0.9564665
1.2518288 2.2851550
-6.5823613 0.2296685
1.5286389 3.4545056
6.8252189 6.2109889
-2.0580629 -1.7697325
-2.4090340 6.4303487
-14.2729463 -9.8917843
3.6036446 0.6775935
3.2845135 -3.1376889
9.0922526 -2.2196613
4.8355855 4.5198798
10.2660378 5.0595030
7.8417858 4.0338190
5.0433269 15.0407631
0.0386594 0.7643327
8.8984845 12.0747831
-12.0672907 -7.6691140
-5.1107771 -3.2457293
0.5865026 3.6617255
4.0072164 -13.4948507
-2.4492955 -2.9175991
-0.0009862 17.2105887
-9.5910308 0.1474468
4.6831039 -12.0353560
0.8295780 8.1592281
-3.3554556 0.3166044
-4.4130757 9.8931016
4.1444644 8.0181391
-11.9975899 -3.4868997
8.7027671 -14.8445747
10.9651825 -9.4794917
-4.7516657 8.2256410
-4.2613892 -3.7145509
-7.2418268 -2.8950282
0.7570898 -1.5456095
11.2530250 3.1541344
9.5391010 4.1382614
5.1438895 -9.8246462
5.1076056 -7.0800677
-5.5116589 -4.0046144
1.7245270 -14.1716363
12.4760036 -0.7812776
2.5146437 -13.2252408
10.5905025 12.4772267
-2.8182151 -3.8449987
-3.3951140 1.1176879
-1.0183529 -2.4507132
-4.0293396 5.7208491
-1.7183835 -3.3944424
11.4611468 11.8431746
2.8889709 3.9414132
-6.6929604 13.5937283
3.0116800 4.7690210
3.0414036 1.5109429
1.0117717 11.9969356
10.7978897 3.3861272
-0.2093326 -4.5061290
-3.1509495 4.8513715
-11.2632458 -1.5224707
10.1072271 12.6638255
4.4407235 -5.6182657
-16.6543133 3.2364347
-3.4335638 -0.6151733
-3.9232472 -1.4743547
-10.4414995 9.1385234
-6.3239328 -2.9043583
-3.5060710 16.6437136
3.7177135 0.9285704
-6.5495497 -2.4549844
12.4224838 2.8036759
-1.6196854 -1.0700100
-7.8328839 -13.3398418
-4.7281418 10.6104570
-11.8062424 10.7011677
-5.5179696 0.0972452
-0.2164016 -6.1261150
4.5913135 -4.8616894
0.2066143 1.1155359
-0.2653295 3.0646835
2.2834615 15.9965465
3.5145468 -13.3046234
4.8750349 5.2240418
-8.0819396 2.7859781
5.6908569 -10.0035072
15.6491821 -0.4597726
13.8280438 2.0711481
-16.6898956 -0.9788956
5.8230494 -2.3855706
0.2235251 1.5993538
7.6267164 5.2985862
-6.7401090 -6.5722412
14.3331763 -6.1440042
1.6195169 5.4527959
-3.5372450 4.4631591
2.2951153 14.3135933
3.1637143 -7.4951841
-1.2031444 2.0541805
7.0852776 7.9536166
-1.9498808 6.7299601
4.6949227 -16.4919657
0.8018160 3.7720402
-3.3734518 -8.2029834
-3.6864903 -8.3397404
4.0233018 -0.9874371
-11.6287072 0.0261706
14.4368474 1.0414038
-0.7453461 10.4574684
-12.0606691 -0.6453533
-6.3042559 3.9166457
-0.0236493 5.0103513
14.7649782 8.5283939
8.2405396 -6.2093399
-12.6835567 -10.7293307
6.3600738 -5.2259907
15.9046457 5.8089341
1.2567187 10.5361139
4.7533316 0.4891988
-6.5507784 3.1590209
1.4384833 8.8847820
-2.1621339 -3.0964824
8.0673314 -4.2456111
-3.6930945 1.5828431
1.1501726 1.3098506
12.5730403 -10.9502214
-4.7499557 12.6723782
-5.4228768 0.2952907
1.8774180 2.7249421
13.1653493 9.2323009
9.9354539 5.6828217
-5.1429980 4.2874808
0.8739571 2.7774562
-0.0327393 13.9045553
-11.2344048 -4.8841949
12.6609737 -1.5877112
-0.9293291 4.5008253
-11.5108371 -7.0863313
15.8022154 2.5218921
-0.1166606 -2.5815304
-8.5216695 4.8279386
3.2036406 8.3532047
11.8193404 -2.0908609
-0.5695773 12.0677972
-3.5821106 14.0313202
-3.3702526 3.7585430
2.2831093 4.8152156
16.4829240 2.9874216
-8.3568038 -7.4915035
17.0647234 2.7059029
-12.7649076 -4.5643104
-6.6473351 -3.4147179
5.8577666 -3.5580642
-14.9116105 -4.3689112
11.3875071 6.2248620
-0.5357475 8.1558650
-3.8082613 -0.9959433
0.2004846 -0.9040131
-0.9094023 -6.9534895
4.7421886 0.3909301
-1.3179749 -2.6193408
-4.4047916 -9.6779486
-0.8515759 -4.8177041
-2.2352881 2.9383476
-3.0538595 -14.1706156
-6.4879944 -3.7911432
-2.3132759 -1.9830381
-8.7199517 0.0973456
-1.5813165 -16.3876927
13.6392844 -5.3081812
15.2152244 3.3319533
-2.0980590 -5.9434137
3.7900925 11.8434650
1.3049359 1.3950408
-2.3928988 -4.1437602
2.2498336 -3.5572235
-3.3269786 -3.4823776
-6.7654466 12.7435948
14.3824744 9.2388741
-9.3504521 12.0907552
-9.2881004 -0.0830394
0.8059161 0.2714754
8.2816796 -6.1106034
3.6072696 -7.2582242
-6.3404725 -15.8064914
-4.7428744 7.6197042
5.4803073 -0.3829663
1.4719698 3.8323682
3.0299456 -2.3738326
-4.3821845 15.6795861
10.9091823 -1.6202852
-3.1386315 -2.5127207
14.5252464 -0.2811432
1.0276031 2.1511459
3.7747200 10.9982399
2.8641520 -1.2085584
-7.4557975 15.5071668
5.9466691 -3.2561703
0.3053403 4.6855460
-12.6283711 11.5956966
0.9183243 -7.7050769
4.8158071 -11.8269750
8.6176098 5.1990603
9.5665052 2.7336379
-3.9762944 -6.3079502
14.0658569 1.4937525
1.0847969 4.5811092
3.5717146 16.3821957
-1.5005338 12.8017904
3.5283482 -9.7618683
1.3008257 -3.6259010
-13.8951699 -8.3666920
2.2968624 1.8388963
-1.4171888 -4.2821115
8.1214343 7.2772217
-5.7746400 2.6839930
-0.1602896 10.4354419
-11.7526455 9.3155652
5.2568511 -2.1615040
-15.7750675 3.3283867
5.7913937 12.1650113
-2.0005526 0.6345295
-1.9159096 12.5453047
-3.3891869 2.7044887
3.6908281 1.3015882
-5.9240370 5.2503373
11.2091940 -2.6658457
-11.1748494 0.4826690
4.1368719 3.9855186
-0.6719935 1.0695079
-2.5075003 2.7624403
5.0580940 0.7589736
-4.8645839 -10.9643776
-6.0358883 7.3571207
-8.6895583 -11.8020203
9.5105128 -12.3709502
1.4885010 17.2571976
4.4555267 -1.7978935
-8.8624281 -14.5249435
-1.8427124 -5.6026552
13.1569156 2.5306923
7.9715610 -1.2197109
-4.7243861 -7.7048460
1.8857376 -12.8255449
-1.8232942 -2.2549078
-12.8670828 -9.3403392
5.0925735 8.2144688
-2.5352748 3.3078932
-1.3608969 3.4976018
-7.3767926 6.2221892
-0.9525542 -0.6306174
0.9489386 4.6677484
2.7821142 15.5099063
-3.1184927 16.5408403
-2.2675463 2.6128272
-15.1099158 3.7458032
-1.2911323 2.2165003
11.9324432 -3.4850492
-10.4674209 0.3532923
-8.6788257 -10.5799094
-6.2309327 -11.3252911
4.2106486 11.2041115
-7.2370032 -7.0856510
16.1479029 4.5360700
-2.1875180 14.7770959
-13.6875433 -7.1989833
4.6329289 -3.8244260
4.5061825 11.0045712
1.6890505 3.8179823
5.3255102 -13.8022901
-0.1406062 4.1809944
8.3618521 6.4934007
-3.4259640 0.0237893
2.6715451 2.5443708
-4.5527707 0.2787584
11.1699896 12.5204369
0.6031694 -12.7661622
-10.1927008 12.9155541
1.3349586 -8.8694248
-6.2613395 -7.7086009
7.7188540 4.5175020
-2.4392520 8.7273008
4.9418940 -2.0201298
0.1134487 -4.8746328
10.3816891 6.2431053
7.9661003 -4.5331341
-10.4266120 -3.4852642
-8.2065513 3.0743693
-10.0206002 4.7405910
3.6756999 -2.1126884
0.0057169 -2.4268529
7.8811985 0.8001257
-3.6207182 7.1952888
2.8203931 5.6116687
-10.6568140 -5.4516062
5.7310817 12.5379892
-0.2178999 9.3779376
1.8540259 -8.6024597
-3.0450668 4.6187256
-16.5512326 3.0932715
-2.6918802 7.6086957
0.5126655 -8.2493040
0.2943487 6.8796693
9.6227463 0.9858403
9.8405851 -14.2601888
3.7432365 -4.4114402
-3.3985136 3.7490965
2.1685063 -1.5322186
7.2993542 15.1421096
-8.1036925 -10.5873159
-11.0666208 5.1729901
-8.4123341 9.3246024
-14.7930414 -1.6091214
7.9810821 -5.5084956
-4.6597859 3.2998372
-3.2206934 -0.2995626
7.4057466 3.8585044
0.5676747 4.2842091
10.3446244 -9.6901495
0.0474393 3.5041785
5.0238599 14.6323284
-16.5151841 0.3901915
4.9775042 9.1668977
0.3365949 -2.5211264
-8.9914845 6.4484559
-8.8778159 10.4415707
-8.8341331 10.1826965
2.8615267 0.7760225
6.5586571 -10.5321938
-8.9098408 -4.9625359
14.0394406 -1.1387138
16.4828562 1.1349940
0.4482416 -0.3175314
1.1832436 5.6842540
-12.8893126 4.9723973
3.4507939 -0.1333191
-7.7594254 6.1018365
3.1806100 -0.9092800
5.5759156 2.6910265
8.9090205 -5.7967048
12.3660902 6.7275846
3.7262273 -7.4131571
-1.7225663 -5.2329007
2.8624232 -3.3023498
-4.1175188 -15.2768785
5.4048942 16.0404683
-1.9651244 -4.0418252
0.8844770 0.4482394
-15.8165121 -5.3282950
2.7601739 -0.9985989
-1.8655446 -0.1160690
1.0761889 -4.0194657
-12.7884608 -6.7010083
-10.5972262 -3.1678230
7.5722587 -6.6232144
-3.9724316 5.3305929
7.7469851 12.2569297
2.2346391 -0.3149415
-1.1781576 2.5932084
1.3892546 -2.4985445
-5.2061203 13.4287432
-5.1147401 -0.3807318
9.4029851 8.0771866
-4.8571256 0.7694054
-16.5130045 -4.5739124
-8.6165783 -7.2477027
-9.4035178 2.6401197
7.4126132 -9.9082767
-4.6387292 8.4463467
2.8428572 4.0813478
7.3808360 -5.4282827
-4.7751886 14.6231062
-0.3861102 6.5840235
11.4042436 -0.3964412
2.9762686 0.1946523
-5.9624434 4.6788136
-3.8697776 5.0500892
11.1217043 -7.5902038
-2.3451186 -3.0776498
-1.4623904 -14.9344038
-11.1290875 0.2137580
0.8455707 0.1289329
5.5314217 2.4405972
-12.5446800 4.8899994
7.2537807 11.7263517
3.4540527 -13.8381604
-13.2115164 5.5849014
-13.7469800 -8.2073547
-14.0469247 -6.6657937
8.5397426 2.5262030
-1.0068391 2.2603378
7.8583728 6.9262956
1.5219494 4.2067811
-8.2164257 8.0399992
0.9407130 -6.1001491
0.2047667 0.2740925
4.6848653 5.6577813
-8.7231476 -7.2751886
0.3498986 -4.7300469
-6.8804979 0.4034059
3.3159506 -8.2718835
-12.4214056 -7.4316468
-7.4236988 -8.5856347
-11.0489859 -10.4641080
7.6212097 -5.5931183
1.0983020 -3.2603720
15.4311771 -3.2609706
-1.7548883 -12.4788668
3.4759440 3.1152145
-2.5245953 5.1088433
1.0440429 -6.0929404
-3.5737918 7.6313645
-6.2018366 -10.8648361
7.0771263 8.9475264
7.6995157 -1.9537925
4.5445739 -0.5428033
1.0293379 0.7083144
5.4503986 5.9305504
5.4065604 13.9661859
1.9013484 -0.8423159
-2.3676816 -0.9711678
1.9648678 0.1501271
-13.1903488 1.3838661
-3.3975995 10.1180833
-8.8605727 -7.5504941
-7.2845716 -3.2367074
10.2626112 2.7211555
13.5906830 -4.2066879
3.3139361 -1.3717088
-1.0253311 0.0752332
0.0875491 6.7987254
-14.9776709 -8.4549817
3.1544491 10.8710960
-2.1497834 2.1089910
-2.3566346 -3.8441609
-0.0534661 9.6267738
-0.1652375 -2.6902106
-9.0219204 7.7285960
-3.1773057 4.6442617
-3.1225194 1.5204673
-7.7052255 3.4564155
8.6422872 -13.1372603
10.3755442 -2.0620690
-14.1188966 9.2141071
5.0032205 1.2107551
-10.7991545 11.4860627
-11.9869899 9.9100475
-1.3324544 -6.3017792
-1.2046983 -3.1253972
1.1365642 -0.3609722
-9.0104740 9.8382215
9.4245102 -3.4985262
-4.1908715 -1.7214038
2.2755403 -7.6224428
7.3334657 -4.8886642
-9.9033349 3.2996224
2.1430515 7.7330606
-3.4632709 0.6069025
5.4436794 -1.2645348
-10.2882817 -4.7768053
-8.2246834 -2.1296739
0.0090754 -0.7411489
-2.5926495 -0.4625393
-5.0944092 2.6195797
4.1687539 -16.0675346
10.0963624 2.8611611
8.9414939 10.3834363
6.4162707 -3.4371732
-5.2038842 8.2305133
-11.0745873 0.3296709
-0.6184316 4.7974207
9.1976367 5.6317240
13.2293939 5.1403649
-3.5546766 13.0388862
-3.5433343 16.7955866
0.4292348 10.8191687
-5.0169708 -1.3287164
6.6681402 4.6106507
8.5057079 -0.9352536
4.4755976 -1.9548210
-1.6425750 -2.7734051
-11.6800290 8.8485877
-2.2189997 -14.4415532
-0.1893867 5.2288302
-1.1842728 4.6173428
7.1777149 -2.2320103
-2.9196743 13.3208359
-3.4801571 -12.9655434
-1.4213443 -13.5052523
1.1805975 -2.0429926
1.9718474 -2.9696535
4.4921853 5.7362386
-2.5219927 -14.0331731
-10.8407759 5.4527297
9.4175937 3.5292332
0.8699380 1.7966149
-11.9082955 4.6180211
-9.2532556 7.2965951
-2.4637146 3.7305895
2.2348278 2.1234476
-2.2003931 11.1833773
-13.5772352 -10.6159532
-9.2733828 -9.6574065
8.9620614 0.9419753
-0.2518799 -2.3755732
-5.0145586 -0.4427778
11.1622215 2.6439170
0.7316388 -2.4690525
11.1270776 -4.8269063
5.8236446 -12.2857239
6.3535844 -3.7148185
-1.0967776 -5.2908093
-13.4530207 3.7807220
0.3306299 0.4286728
4.3011128 4.7568275
4.5850495 -13.3336996
-4.3361113 -1.3289549
-0.8522757 2.6444123
-0.6779863 3.5862043
6.8757363 0.1573519
12.5492983 11.8331038
1.1087307 -7.9297869
-5.2946372 -15.3631820
3.1054633 14.5857403
2.9432790 -9.3199293
0.8076059 -3.2306128
-5.2684584 13.7348019
-0.7967943 -3.0451558
2.5204904 2.1617603
1.4286609 -2.4942027
-0.1648459 11.2399545
-13.5954580 -3.1881070
11.2636653 -9.5301035
-2.7129092 -4.9277402
-6.3867011 -0.5311954
15.9459832 -0.1535908
2.4503068 -4.7818549
-4.6968441 3.1523815
-3.6840790 -0.1117224
6.2958205 4.7961498
-3.2519255 -7.0973388
-13.2408773 3.3635304
-2.3134710 -15.1925527
1.9120176 -4.1653036
10.6541573 6.4389348
-4.2857043 -2.0134370
6.0359978 12.8897405
-5.0709868 0.5163549
5.5853718 0.7707872
0.5034122 -1.1647883
14.4796868 -3.0782232
1.5608394 -10.4788796
4.5103441 0.7026108
-4.9214440 -1.8191413
-4.2926248 0.1852066
-9.8699000 -0.3682778
14.5899074 -1.7062752
6.1488618 8.2415205
-12.8360416 -5.8007840
-0.2734243 -3.1469231
-5.4393600 -14.2759955
5.8734349 14.2922074
5.4730852 3.7606944
3.7366871 3.9295708
2.4861408 4.8998113
-5.4638654 1.1709362
6.0218977 4.9040053
-6.1249657 -6.9552104
3.5584274 -3.5748994
-7.0358578 -1.6053873
0.8760122 -2.0747296
-4.9678305 -1.7839825
11.0316956 -7.2382117
0.9508957 -4.2634702
-7.2128517 9.2079225
9.7699648 13.8211310
9.6614924 12.0936719
12.7194889 6.1006295
6.7319709 9.6760015
-4.2578964 -1.8061217
16.7895091 0.2185378
16.1208482 1.6733078
1.7802891 0.2441867
-1.3110239 2.3647110
-10.4485121 12.3084485
-1.0010112 -4.1539438
6.9634018 -4.1712792
5.5270777 6.8500998
3.8138435 -16.1495733
-4.4498423 3.0840179
-11.1189839 8.1793346
8.3790792 -4.8017554
-4.3328798 1.7809376
-13.6333635 -8.9380124
11.6935706 -11.7170540
-4.3048312 -11.4561028
-2.6366479 2.0952306
0.3954347 0.8424626
-3.2837899 11.5979025
8.6557888 2.6763057
14.5722477 3.0737075
-2.1439208 11.3452131
4.7437645 -7.5885369
9.8702215 3.8278464
-5.0466925 -2.8756893
-1.4060276 -0.7449962
0.0203210 9.1851861
-0.6976587 8.3173445
-9.3526773 -6.2200203
2.6104392 -6.2498644
1.1827191 0.7458673
-3.1913169 0.7422106
-0.7227495 -0.1941162
-3.4423007 1.2083319
10.7050444 -1.0186424
-3.8303001 6.2632114
-8.2384550 -6.6914090
-9.8634267 -3.0741223
1.9705420 2.9384667
1.4829601 0.4517235
14.1523961 -7.2711715
0.3036846 -14.1152636
6.9082127 -0.0766511
-2.4627299 6.8524001
-13.7714282 -5.1516594
2.9954387 -0.5160438
-9.6344623 5.6446406
-4.1775199 6.0230518
-14.5269228 -2.1122297
8.1990254 -12.7626687
-6.3286939 -10.8641287
-0.1262645 5.5415492
10.2354681 11.2147957
0.5675090 5.7618757
-3.8470381 3.3075472
17.0575397 2.9865608
4.4627093 -4.2613035
-10.5166824 0.7161056
7.9849518 0.2795723
10.5805767 -9.6542516
4.7031264 -1.5219024
15.9543054 -0.8979893
-1.0300667 -16.9120475
-2.0841268 -4.9863242
6.3644922 6.8275505
-6.5972876 9.6924015
-8.8636955 -6.0204274
-12.7036189 -6.6080550
11.3046957 -7.0389988
2.2553086 3.6160451
-11.4187029 -2.5529899
14.5922564 -6.7970742
-9.0775835 -10.3857987
-5.2070452 12.2561620
-8.8750803 8.8979320
16.0838448 -6.4528332
2.4609025 7.0906741
9.6285265 8.4350958
-8.8722793 -4.4210028
11.7418833 -10.2203149
-4.0054877 4.8076503
8.2630739 -0.8778326
1.0205426 -1.6551109
-7.4163468 -5.8130016
3.1759956 0.5365671
0.6836815 -1.9190131
-11.9333344 -11.6749206
5.8916759 -6.8458318
-3.5394698 -1.7709394
-9.3073397 3.8024353
-10.7649697 -0.3774031
1.5049450 -2.3431985
13.7480247 -4.1382610
-8.7284468 9.1192790
-6.5554351 -10.1466602
-12.1694524 3.4743530
10.8510088 -10.2508649
-4.5043187 -1.3809744
-5.7295011 0.1374968
7.1764451 6.9524844
9.2996555 -9.4710260
3.8719330 -14.9501897
-10.1891097 -6.7311821
-15.8106378 0.6526038
14.0660369 6.4800924
-5.9937676 -3.7809829
-9.2704363 6.4114547
-3.2976365 -10.4220081
-0.6762315 -1.4014695
11.1264009 10.6239546
-8.5763147 -9.9594057
1.8525034 -2.8574083
4.2089837 -2.1600733
-0.9875402 -1.1540506
1.0088483 -7.6248435
-5.6123063 -1.3328875
3.8533978 -1.5921437
-1.1196260 0.7751789
7.1360958 5.3172009
4.5877275 0.2021711
-3.4966765 0.6816735
-10.5180753 -1.1849730
-4.0706178 -0.4079604
10.3958006 10.9673648
2.3524154 -3.6874522
3.9060882 1.6185101
1.5390680 7.6072470
-10.3164416 11.8841054
-4.1231636 0.5536733
-4.1929546 -2.9842148
11.5715316 6.2817620
15.1762534 3.2422398
-1.0398503 -10.6861207
-5.3608259 2.9211446
6.3775647 8.2677335
3.7995912 8.3975181
1.6230415 2.2799967
-8.4537729 -13.5966220
1.3393999 2.3566023
3.9001879 -1.8873072
-6.6126100 4.5632144
-0.3860996 3.7439917
-15.0901124 -3.1274460
6.6464303 -0.3139726
3.0019556 2.5997903
16.0512931 -4.5103404
-0.2643783 -1.7181693
-2.2749352 1.1337170
-1.2714873 -2.3130528
2.1849011 14.1047628
12.4815105 11.4120008
4.1736732 2.1319029
-4.9804390 -15.1386992
-10.7971059 -6.8690378
4.3630024 -9.5726525
-4.4729480 -0.7304984
3.0050588 -11.9082458
-5.5461600 0.6599262
1.1519225 10.9904574
0.6143575 -4.8603411
2.4855897 6.9625696
-1.7403605 3.9082095
6.9185111 -12.5960980
-16.1115595 1.0480885
16.6633101 -2.9970341
0.0011691 -5.0338858
-3.6156451 0.2800449
13.5703608 -2.9922471
-9.5559133 6.2212234
-7.2770527 4.1549653
-5.0069434 5.3748067
-2.6868279 -10.8063079
2.2834447 15.8112716
-2.1487700 5.7377852
6.1550552 -0.3666502
-9.3623197 7.1188038
-0.5165959 1.7331103
10.8753742 -0.2101207
-0.7833215 -2.1861397
4.3582216 -4.7946451
-2.2460246 -3.5714707
0.3907110 13.9163160
-7.7152757 13.6107820
0.0620979 -3.2775398
-14.9100472 0.3529795
-9.3457004 -3.1019009
2.9805188 -8.2664578
0.4023882 -6.9171688
4.1058314 2.2556283
1.0109085 -12.4259768
-0.3985948 3.3400461
12.4809240 -0.6801897
1.8959180 -4.4336786
5.8061149 8.2722090
-16.0531523 -3.8308647
-0.4644937 0.8638984
-12.5009538 0.7191022
15.2512910 0.4251015
-1.2745902 -4.3193672
-2.2620989 0.2043080
7.9155552 13.1322336
0.2253936 -5.2041843
-7.3949538 -7.6427890
-3.4768548 3.2834076
1.6509182 -0.1554662
-11.8054852 -11.0105324
4.1185981 3.8527863
10.7647591 -8.8671946
-7.3658027 -2.5929143
12.4091934 -5.3200162
-2.3180921 -11.1401560
2.2652467 -12.0092795
5.2620116 -1.0161007
7.9708319 -8.3727993
4.8064104 0.6759386
1.8972469 -8.5464662
-10.6784638 3.1451559
1.2557012 7.2815826
-3.7613415 3.2233760
-6.2384165 12.1735593
-10.5810923 10.5018733
-5.0403130 -2.7526149
2.8321843 4.2763610
-4.9087423 -0.8198388
10.0367265 2.4962198
0.2141205 4.5549774
1.6208222 0.0432521
13.3616665 -6.6217604
-11.0617047 -8.0134830
-12.0691950 -2.5561869
1.6755280 6.9071145
-1.2748914 7.1528655
-12.1091281 4.2802004
1.6029306 -3.6285481
-1.1434113 1.4753236
-8.4322295 -0.6558889
-5.7912296 8.9247919
4.2846853 -3.3881566
-4.2989682 11.7439251
7.2621106 -4.8959513
3.4036919 10.7674570
-1.8482631 3.0180859
-9.8038969 -7.9217996
-3.7182119 -0.4679598
-16.4070807 1.5531494
-0.8210144 -2.1851958
2.9544290 -16.4053672
0.8302092 1.6512967
1.5171760 16.7678772
-10.6960615 11.1991955
-5.4885700 -0.7160693
-4.9098865 -1.0829974
2.3577506 7.7861675
1.4564583 3.3705989
-4.4579748 0.4732166
16.6150518 -4.0959828
-6.3803457 -2.0065254
-8.2813923 6.1314738
1.5738193 1.1158881
-9.0682668 5.6937029
-0.6089426 -4.3109769
-16.3702642 -0.1442415
-14.1837719 7.1997819
0.6300862 -2.0929616
1.9106401 -1.9925246
15.7158592 0.3620358
-8.3328493 -14.8093000
-0.0879999 -0.9402053
6.1106864 7.0366228
6.5027987 8.3900061
4.3559696 -5.7661837
-1.6363980 -6.9836042
1.6492908 0.8980202
3.6619453 3.6129529
8.0286314 2.1545211
-12.5946320 -2.6915498
2.5939521 4.5647109
0.1805666 -3.6733496
-2.5197592 -5.5253663
2.4087150 4.2334177
2.6790393 -5.0717901
2.1009999 -1.4474928
3.5390760 3.9920836
-1.7101478 -4.0522914
-10.0701162 2.3957610
7.9663818 -8.7642369
-14.0176939 1.7062682
3.2444707 2.0939865
1.7845884 -12.0043727
2.6361268 2.9187485
-2.8415475 0.0127091
0.6095455 1.8773832
-2.1735820 -4.7879168
0.3215693 7.0260373
10.9451971 -11.8188830
-2.2457703 1.8155269
-9.5872245 -5.2405348
5.7612875 1.5953634
1.0823555 8.5104678
13.1965886 -2.6203045
9.5502927 5.3615078
0.8060156 -1.2016414
-15.9711629 -0.7996519
-2.3022414 3.8050693
15.7432912 5.0389649
-7.9203397 -11.4223238
-1.3014289 1.8341094
-2.8744319 3.7004455
3.8524797 7.2695104
2.9693874 -2.9310234
1.0911996 -8.0110378
4.8190503 -12.4092040
7.1777322 -3.9263055
3.4673226 -13.6203374
-3.8275607 -1.9871037
-4.9761262 2.4604789
7.5292089 7.8136588
-2.3120143 -1.9334420
2.4629476 3.1189700
3.9391371 -1.6707155
4.8546401 6.9847865
13.4511649 -8.0688953
3.3036804 0.4359857
0.6745213 9.5966983
-8.4664448 -0.4558206
0.0480677 9.1401382
13.2207444 9.3429612
9.5539487 7.8752804
1.4483840 -14.8305453
-10.3010713 5.6178336
16.0795914 -6.2215335
0.3178823 5.2191554
-9.1663004 -12.0288763
9.0435588 -5.4893169
-0.1190646 3.8864470
-9.5690411 14.4118728
0.5377628 -2.2459993
0.6451824 -5.0993642
-3.1921728 -1.5437360
5.6874656 -8.2598051
10.7311522 -3.8494334
-11.2883561 12.4992653
2.8261764 6.2673863
-0.7900874 4.9165221
2.7035875 -0.0072820
2.5430415 3.2304048
-4.0050606 -0.8844697
9.0577551 10.5332289
-13.2376816 -9.9536116
1.3022432 -5.4923362
-4.7086791 0.4182195
12.0576734 -6.4076643
1.6192216 4.1115117
5.2086334 -6.2548937
-2.4813607 1.5712627
-0.1841295 -12.5766866
-3.9272798 14.8220224
7.3190552 -4.1551960
-1.3916044 -10.4959536
-11.6340631 -11.9021923
5.3297093 -1.8808969
-0.5167376 4.8575443
-3.1247289 3.2274882
5.4944205 8.1392808
-4.2210431 -13.8316083
6.9612792 -7.9609468
0.3744400 2.5743729
-4.4870460 -2.9200042
16.3478537 -0.6941138
15.8542038 -0.4245818
2.7355729 13.4412300
3.8158027 0.2865939
3.4135414 -3.1614519
7.3453557 7.5930489
11.2657117 -1.5098560
3.3404077 -13.0946905
5.3931640 -8.2845011
-6.0936481 0.0916987
13.9441829 -2.2032872
5.4086271 -0.2400091
2.3600032 -6.2962329
0.3526320 -5.5245975
5.1270811 -2.3251626
-6.3875656 -13.2538572
-3.4400715 -9.2532625
-1.2479228 11.0123934
-7.6990572 6.9878672
-2.9425920 -3.8674389
-6.2393469 -0.6025543
3.2883445 12.6489182
-3.5838422 -3.4917563
2.0462039 3.6388415
-6.4722020 -11.9166935
-4.8490125 -7.2146438
15.9286444 1.3265296
5.0116700 8.3937656
7.7424243 1.2867161
-2.4953307 -4.0802419
5.7340327 -0.6311701
6.4378477 0.2562510
-5.7467406 1.0356383
-3.6565494 -15.3252652
1.6604954 -2.6551752
-3.4878594 1.7141842
14.8867767 -5.7648360
-4.1148743 -6.1917921
-5.7542462 15.0858261
-1.9615792 -13.2201193
-3.6053291 -12.5879692
-1.7485448 4.1473821
-0.1297172 8.4173180
-6.5008681 -6.7011594
-9.2356419 -0.7709849
4.1739309 3.7119118
-5.7361324 13.9687891
7.7062680 1.6709149
5.4428638 1.3597932
0.4346142 -0.5702379
8.3547315 6.8352250
7.5775136 -10.3421723
-5.5122554 0.6134337
2.0296614 -4.5243214
-3.6400457 8.7393547
6.6380358 -9.6431149
-4.6008084 -9.2278421
0.9334962 2.2360417
7.3561141 0.5916749
14.1682383 7.7761857
11.4137142 1.7821900
-0.2652468 -0.6932105
-2.4291724 -3.6604412
5.3281152 16.4105879
-7.2284582 -14.5178483
-5.0348144 -0.8218822
0.9615313 -0.0789319
0.8082116 -4.4396159
12.4210343 -3.8772203
5.0747524 5.2102044
-2.2604520 -2.9475175
-4.9780513 4.5057270
8.2028770 4.4662692
4.9757656 0.6634293
-5.4151958 13.9745887
-5.7038594 3.5355675
15.8032611 0.6989107
0.4305205 2.5414466
5.9832084 5.2362669
1.0418865 6.9279655
4.0095678 0.8957393
15.6447755 4.2422244
13.2994637 6.2292192
-11.4582599 -8.5509678
15.0676770 4.7909939
0.5895682 4.0939821
2.5472834 6.3193475
1.4254074 0.4896004
-3.0017586 -4.6560093
12.8356669 7.4709257
-14.8243445 -8.4902016
-11.5407315 10.1419308
2.0897411 -2.3295811
-4.2676685 -3.0456872
-5.3856181 -10.5191532
-0.1352647 15.2182756
-1.6063241 -1.2297347
-5.1229977 -0.8081166
1.5660722 2.5394032
11.9986871 -2.5227994
-4.7915913 11.2018669
-0.4114011 -3.5608391
13.4108097 2.2078400
-7.3803502 -8.9168122
0.0803631 -6.5007045
-9.6905297 0.7222677
-6.6087565 -3.3725450
-1.6299234 -0.5723328
-6.5298868 2.5718838
-13.8850729 -0.7698571
-1.8331694 2.5755652
3.3157707 12.2764745
-2.0747094 -0.3937071
-3.6287077 3.3665716
-5.7383000 0.2566462
-2.1609823 1.9648581
-7.8932130 2.0566458
-8.8277036 1.4906708
-5.7477682 7.4679657
-9.2171440 7.4957009
6.1948041 -13.6778619
-0.0677856 7.8786087
-10.1445621 -1.8691161
-16.8117339 -1.2489194
2.9371140 2.5488260
4.2871451 5.9154224
4.1136399 -12.7719425
-10.6303993 13.1989474
3.2073451 5.1283248
-1.5139053 12.9178523
9.0975905 -5.1106602
3.2778409 -4.6819730
3.6656944 -1.0691912
2.5013304 -1.6320739
4.9059574 1.8994166
-12.8974826 8.4350909
2.5170756 -7.9342193
3.6100002 -2.8521880
8.3465018 11.2749780
2.2481299 7.1715758
5.2911754 -1.1387488
5.5196057 3.8397685
13.7321740 -7.8920908
9.2190376 -7.6071563
-6.8843376 8.3024175
-4.0481673 -0.9334916
8.8362926 4.0209264
0.2569961 -6.9981569
-7.0879794 5.5242397
-3.1784549 -4.4705145
-16.0717447 5.4344729
-3.5018704 8.2989832
-7.9849043 9.2886633
0.0941622 -2.5886174
1.6703216 -0.0374347
0.3866395 -1.3397957
-5.2614754 1.9509065
1.9310255 8.5645918
-1.6359700 4.4228269
-3.4525949 4.4418841
-3.5833485 -7.0767751
7.7178555 4.5188422
0.3618354 0.3253461
-4.4150387 2.6221501
-0.0991277 -2.3712618
-3.4390886 -7.3343483
-6.1690871 -13.4372477
10.5445836 -7.8302547
5.9321285 -3.3778392
6.4971389 6.4218457
-7.8392958 -6.7462375
5.5650326 9.9041165
9.6262508 10.1966937
-8.7587775 -1.2604529
12.1526956 -9.3226784
-1.4225970 -3.6052808
-0.4800457 -1.0789507
-5.8129179 -5.2436546
-4.5022701 2.6534344
5.1460772 7.8631502
-2.3823703 -3.0982609
5.8471516 -2.9784361
-3.2565024 4.7832685
9.8598836 0.4341396
4.7701752 3.6312661
14.3332729 4.7948965
-7.5885252 -10.4090348
-0.2571080 -0.4268650
-5.1061218 5.8948493
1.4800392 -0.9926418
12.6699495 -8.7325155
-9.1856039 -1.0544536
-3.8693324 -1.7184315
-6.3038142 14.6979197
-4.0039380 -1.3065703
3.2462388 -0.3160763
5.7456834 -1.2713443
-2.7735053 7.2439785
-5.2613356 2.5830649
4.5892176 -3.4826733
-10.0491499 -0.9977925
-3.2125523 3.8174600
9.1395330 14.2974788
-7.3437753 5.0482097
2.0089828 5.0765999
-4.2752312 9.9644400
1.1208365 -2.3865058
8.5473758 -2.9206389
1.8980686 2.6500541
12.4638968 -3.3741600
2.3430408 4.5105002
-6.1455174 8.1611461
-12.7937755 -10.3374802
-12.8312736 -8.0914400
2.4634603 -9.6985929
-1.7781014 -2.2886636
-4.8710546 -0.5366834
-15.8593431 -7.0466429
-11.2262676 -2.0513756
11.1051823 -0.2871120
-9.2253703 -3.0324173
10.7885272 -13.3769323
3.4951704 -0.5276360
13.3705128 3.9904206
-0.2104334 2.5341934
8.4849607 0.6253615
-5.3286727 -4.0505154
6.6203095 -2.8568315
7.1620294 -14.6338452
1.9666032 3.3488786
-1.5513226 3.1591037
0.6475178 12.1507690
-0.1182370 -0.5813829
-3.5645407 -1.2489668
-4.8179232 5.7710029
-0.0209783 -10.4758534
0.3841213 -4.7837152
0.8708831 5.2809293
2.0974281 -1.4854329
-12.8371303 -3.2033001
1.2122127 15.6094878
-7.5615442 2.6395153
-3.3678212 -2.4486405
2.2026888 -1.1955834
-16.0987478 1.6957134
-2.2804576 0.2727221
2.1311074 -1.3505879
0.2245473 -0.3679712
-0.0356573 3.5066872
-3.2456983 3.4444777
4.3264872 0.0928233
4.2482873 12.5179363
12.8966195 2.7928238
3.4640112 -6.3491400
14.9676912 -3.4688409
7.1853582 -5.0876951
12.5859742 0.2422052
5.0730146 2.4755345
-5.6748639 7.9153866
-5.6029187 6.0155856
-0.5995453 5.0475177
6.0663353 -3.2452650
-1.8322757 -1.4707335
1.9003273 9.5082816
-8.1878425 5.4385017
-4.5973164 6.5574626
-1.7013802 -1.4072231
-6.4023875 2.4084326
3.6245279 -4.0283009
-1.8517958 -2.1035515
10.9667014 2.2763111
2.2145376 -14.8386547
2.5424578 4.3436243
1.8158656 5.1939153
1.4038332 3.4528576
5.3438844 6.8929942
5.1030222 -6.8227639
-1.6603371 0.8570157
2.8318043 -4.6108561
-0.5041006 4.2681779
-15.6210495 1.7220022
4.6716282 -4.6115716
-1.6117651 -5.5351287
4.6588320 -1.4347526
-5.4575583 -6.2187053
-3.3665770 6.9333696
-7.2908991 4.4464077
-6.2654752 16.0876773
-2.2794980 17.1622999
-2.7763934 -3.6777642
12.0021671 3.8672917
1.4840427 3.1067694
8.9839833 -2.7529796
6.7960078 -7.6375816
2.4140393 -0.8197475
15.3155352 -5.9514806
-5.0969113 8.4712264
-8.6891404 3.9606134
8.3691914 -3.8788273
-7.7089077 1.5567719
0.0333814 14.7035578
-2.5968963 -9.4975105
-1.5585501 -2.9214579
-3.9499792 -0.8007817
-0.2782675 10.9735595
3.1318645 -16.7938809
2.3909950 -8.9257739
-1.9850413 -0.3479864
-12.7030160 1.4758128
7.4858773 -0.8194474
-0.5136831 -1.7746416
7.3308643 7.8410376
-12.6980379 -3.3782069
-12.3256583 -11.8228621
-1.2781677 3.1810160
-11.5557904 10.3674508
-0.0867250 6.1246442
7.1723511 14.2516218
2.5339526 4.3986115
-8.1567242 9.4028919
-3.1535356 -0.8908978
-10.0993564 -0.1920364
-5.2916201 -6.0565448
2.6198910 5.1374202
-1.0039003 14.6683674
0.3574910 4.1773306
5.8535796 -10.7264489
-11.7552136 11.7987669
-9.8321615 -5.8736318
-10.2839319 12.3468318
2.8121727 4.7653817
-10.1133199 -5.8023972
6.4121137 -12.7162300
11.2515166 9.2265972
-4.5962854 -2.7591479
13.9067637 -2.5688721
-0.9331152 16.8946023
-4.5567585 0.8733918
2.7081483 -14.4227233
11.9610333 3.8285695
-1.7013076 6.6983889
-1.0951383 1.7402547
0.3825532 4.4382365
7.4214075 3.6684153
1.0888378 2.5253948
13.3963684 -6.5464393
-2.9921068 1.2237684
-7.4736051 14.8740425
-0.4796869 13.9972041
0.6003764 6.1608791
-4.7719377 -0.9041221
-9.0076909 4.5806355
10.5114309 -1.4245557
-5.8272682 14.6283700
-1.2421256 3.7947617
3.3156440 4.0833952
-2.1735822 -6.3636540
15.1884365 7.2520653
-2.0545876 0.7567425
-0.3124491 -8.0243074
4.1003318 -1.8990847
1.9135560 10.2956661
-10.5668166 4.1707913
7.7100917 -1.0891703
-2.8891426 2.0995262
2.0927970 -4.3279032
-9.8418977 4.9364919
-0.8978461 -5.0636034
3.9533915 -9.9256446
13.0709339 -0.4228180
-7.3458126 7.0650801
-5.6762536 0.4586657
-0.9494474 5.0774421
0.3922928 3.2945565
3.0292602 -4.3691261
1.0853222 5.2425013
4.5630914 1.9716459
-0.5244810 14.8881318
1.6947746 -5.7164799
-7.5586751 4.8553044
3.1639401 -2.1365406
-3.8840415 1.3288829
0.8003867 16.6028120
12.0502897 4.4280801
-2.8952467 -3.7330181
8.9727573 -6.1520244
-1.9324926 5.0708229
-8.7671794 10.4006748
0.7824254 4.5758635
-1.6448409 12.9075389
6.4781175 -0.3605969
6.0005320 3.1202510
4.4088474 -2.1115571
8.5372747 6.3869612
-12.5272859 -2.0654637
-1.2470843 1.4846773
3.7065578 -6.8261928
9.7692851 1.3699192
-11.0322295 2.3205811
-6.6280352 11.7938334
-11.7104573 12.3331856
1.0848412 -2.7473409
3.4925431 -5.7277197
-5.4646165 15.7202127
-5.4508579 9.0055965
-2.0989612 -10.8119383
-0.4022864 -4.5449947
-6.7746608 -0.5239219
3.0735490 -0.9273626
0.8392468 5.4664704
-2.5007524 -0.2422064
1.1760648 1.3410241
0.5682803 2.4815187
4.8698907 0.1897504
-4.1796038 -1.3205252
-6.1101546 -0.8494644
0.4757079 16.9736557
10.2070908 -8.3302921
-8.7303116 -3.9301615
-11.3514461 -11.2183965
-7.7859172 8.5209526
2.9441677 -3.5941607
-8.5513894 -12.4040959
4.3208585 -2.4856112
5.4458015 11.1907829
-17.1991861 -0.7207469
6.4300869 5.6588602
15.0804695 -0.2025316
3.1384543 -2.4702727
0.2484298 -6.3576339
2.3338663 -2.2463781
-4.8633793 9.6922606
1.2082276 -3.4986852
6.4633347 1.6829725
-4.4474820 12.1906461
7.8785634 4.2561485
8.0354134 -5.3923647
-4.7777898 -8.1431935
-8.6150850 8.2161192
6.1639941 -11.0850492
2.1942963 0.8287503
-1.1914195 -1.5730237
-2.3612095 -17.1583880
8.6717415 -13.8443638
-9.7013237 -6.5740817
-2.6165192 0.3483952
-3.1643793 13.1233977
13.5721267 9.7523215
12.6390626 0.2579599
6.7367737 -13.2865263
5.5669334 -11.3681165
-4.7231268 1.2538790
0.1567047 -9.5440550
2.1855702 -11.5411845
1.9390039 4.6174245
-4.5732588 -8.1940058
-9.4046673 5.8827088
-1.2041914 10.6267129
1.8612292 -2.6427498
-12.3311435 -3.5736666
7.1566051 -5.6331092
3.2294144 9.5867387
-8.3562771 0.7490609
-8.0405857 -7.4239939
13.6802615 -4.2168505
-16.3198267 5.7785434
-2.3196474 2.6888343
-5.6121090 12.2134182
-4.6642451 6.6443634
-17.1943472 2.1458824
15.7462397 1.7883650
-0.3782879 -5.2861399
16.2387320 -0.0452474
4.0693626 -7.5001481
-0.8322826 -11.4216575
0.7537952 -1.6767685
-12.1732104 5.1197989
-9.1598532 -2.4679227
-7.5138935 6.5427568
6.1317285 2.5056871
3.0803278 -3.6165242
-2.4683807 -7.9110061
10.8980082 6.2559481
-5.4351487 -0.3172179
-10.2474731 -10.4724360
3.5975173 1.3176198
-0.2516971 3.7192390
1.4803645 -3.5420212
14.3217940 -5.0949955
14.9317287 3.0302296
2.0780809 -12.2051918
-7.1340081 0.7100394
2.4425051 16.3094158
-14.7283186 4.3930725
6.9480637 2.2959535
3.3817171 -3.0284402
-2.6264552 -5.0115689
-7.2939928 -13.8515972
3.6392140 7.1835608
-4.6451501 2.5654871
-1.5889383 4.2332088
-0.7203513 -5.1992785
-13.4299229 -1.6343061
0.4028159 1.6207926
3.4411179 7.7131392
7.8293278 -12.0640894
-15.1400789 -1.3328122
0.5596810 -14.3375437
0.3677152 3.4856663
6.1710475 11.5095325
0.0580961 -0.5870599
-5.1490499 -4.8808933
8.3518821 -3.3904419
2.0713401 8.0114673
-2.6556738 0.0380672
6.4961453 -4.4472831
-1.2944727 -4.5017861
-3.2462849 2.4800270
9.5683545 1.8517426
2.8858002 9.2259574
5.6168502 8.4643881
-0.3762979 -0.1909525
-6.3615598 14.2800584
11.8540878 -7.6671289
1.5295831 12.7823900
13.8371030 0.8944806
0.4776190 -2.9060164
-7.3206077 -7.5160274
-2.1544658 1.2184904
2.4503734 -8.7748147
6.2643287 -3.2205874
9.7574836 -10.1351030
5.3008216 -6.4163035
-2.5788358 -6.7851612
4.9260447 -0.0396465
-4.2384652 3.2109928
-8.9811764 9.1193358
16.4824697 -0.2809451
9.2344155 -4.5844209
-12.5475900 10.8240385
3.2260494 2.5062331
1.0128591 0.5498636
-9.5912957 8.7529893
-5.9444375 -0.0332196
15.5178851 -3.9228392
-3.7123117 1.1142344
3.5389281 -2.5699592
7.6753116 2.2222898
-4.2196753 -7.7314083
-1.8621339 6.1621217
5.2637409 12.1605600
13.2959630 5.4866821
15.6409107 -5.4743269
3.1546062 -1.3633536
6.0749874 -1.6635179
0.0871819 15.1642526
4.5370329 -2.3453198
5.8450408 7.8132867
5.0016789 15.0232248
1.1454819 2.2530890
-5.2200248 -0.4444780
-8.6568624 7.6246749
-11.4628377 -11.6471769
-1.7223687 5.2868475
11.2396057 -13.0726991
8.0752603 8.2283830
2.1243865 -2.2367789
-9.2307074 -10.9801258
12.9992883 -8.9524746
4.7496110 -10.3449897
6.0703018 15.4094067
3.9679044 -4.1687064
3.0419709 10.3169068
-15.6839092 -1.4811156
5.0116166 -3.5591848
-4.7018088 -7.3147138
-4.3959028 -1.9644209
-1.4650268 14.1257127
4.7446007 -6.7683956
-5.3007303 2.4447088
2.0768055 7.8635656
-5.0026163 -5.0515765
-9.0461521 -1.0071837
-0.8720006 4.4076803
-0.3246481 5.6439294
-10.0229621 -0.6637020
-16.5014965 2.4247719
9.2923341 -4.8806499
2.0839080 -1.4060326
1.7665559 5.2882967
2.5247596 -2.2707495
-7.3407500 2.9152723
0.4866206 -17.1504380
11.2639041 -0.9039558
-10.4672427 12.2995231
-0.9191530 4.0334834
-0.6927882 -6.7718292
2.6812672 -10.2543194
13.7253418 5.4797406
3.5914391 -3.7656144
-0.8030562 1.0029049
-2.1712752 7.7721083
11.1259755 3.7159448
-0.6108927 -4.9142434
-1.1949879 -5.0666763
-3.2974204 2.7619647
10.1102295 -11.5537025
-4.6180183 4.1227577
2.1077710 -10.6480146
7.5506784 -6.8775391
-0.8637690 -3.9820392
-0.3134973 -12.2195198
-11.4151238 -1.0309848
4.3259786 -12.6597494
-6.1624539 -0.9248973
13.4151990 -6.7087210
1.7763057 1.6976133
-13.4868093 -3.8699636
0.7159520 10.2057930
-7.7026601 -3.5249074
-4.3584879 0.2711627
-5.6128586 1.4063018
-15.2862218 0.9353512
0.2580354 5.7575457
-5.2081012 9.6592516
-14.3491575 4.1373028
-1.7837567 10.3854141
3.7988863 1.9241659
-12.5965008 11.2451806
7.7901076 11.5447487
-4.0764544 0.0606444
15.2790104 5.9161167
3.7298372 -3.4885826
-9.4642172 12.5452992
1.6612558 0.8723512
9.2873806 -5.4305272
2.6453895 -5.5339839
-2.3198660 -4.4784129
8.9616629 1.0511215
10.5341854 0.3894518
-4.2780532 3.3761169
10.0904534 -8.1628287
-4.6720816 -1.1749047
-0.1444179 10.9108540
-2.5615017 -4.2377868
5.0187716 -8.4134813
2.2996168 7.4286931
1.4816918 -1.8796247
3.7853928 6.2947777
8.3202929 3.3358484
-0.7019934 -1.1485351
0.6537386 9.0046738
10.5467260 0.0348771
-8.5199205 -0.6614871
-7.1160093 -6.8364411
13.0287853 3.8103543
1.8351339 11.7162335
-6.9282884 3.3594038
-3.5572779 2.8393865
8.3523318 2.7858546
-15.5732161 2.3368440
-2.9155052 -4.0188340
-2.6063874 13.5298922
-9.1170924 1.8415811
-0.0657628 -10.7746242
-3.7418433 0.5671229
2.4588675 3.7278107
0.0701470 -8.5772052
3.7638837 -2.4591355
-10.9451013 -3.4196127
2.5854397 -2.9896209
-9.9397132 5.9326782
-4.3909593 11.0010825
1.6186020 -11.0946936
7.4911160 4.6757577
-9.0184617 -4.4257438
0.9707130 -2.2915742
0.2304008 -3.4741066
-9.9108968 0.8843735
7.7136119 -7.4618955
0.4650477 -5.2062352
-12.9167494 -8.9836422
9.6522621 -0.0384062
5.0230674 2.5662288
13.6216180 -6.2718710
2.6625454 -2.4597857
9.3244556 -2.5762461
3.9867988 -1.8796757
3.1581584 2.3770891
5.4033049 -0.6845789
-4.6410488 6.7264282
-5.4769416 -1.5048068
-7.2122173 -1.4671513
1.7029072 -4.2489159
3.2735211 -1.5988082
-14.5858214 6.9433629
2.6483217 -3.0843263
-12.5863829 11.5553116
-2.1962089 -16.2343736
-1.1703359 -1.1356072
-7.3109936 5.9255968
-0.4198350 8.5664471
-15.0997374 5.0967259
2.9964813 -4.5204360
15.1163008 0.8392867
-4.5845515 1.2860798
-0.5254635 0.0314234
-2.1571494 0.4846445
0.5384761 -0.0750305
-3.0041701 -0.1877380
7.2382668 13.4006596
-5.4178352 7.6782733
8.9777480 -13.8980683
5.5911082 -6.1192944
-7.8356523 -7.6332268
-11.5728588 3.2856017
12.0454913 -6.9223608
16.0177427 5.1065220
-4.7616421 -2.3013640
-0.7487074 -3.7627727
-3.0188023 -9.3282514
8.1614997 -10.1795428
1.4806675 4.1587408
-13.4349150 4.4117927
-1.6123057 -10.4880351
-5.3853938 -9.8598330
-1.6315406 13.3651066
-4.5175635 -15.7879801
-3.5712833 -7.5470274
-1.8171897 16.6465264
-4.1063245 -0.9260676
-13.5240258 7.5928663
2.9768734 7.6547371
-0.0193386 -5.2144792
0.9616454 -5.0257792
6.1211091 14.6226695
1.5056605 -1.0335362
0.6859021 -4.0274787
-10.3331559 -9.1900693
-7.7691379 -1.0265143
15.1255824 6.9343993
-8.2591237 11.2781587
9.8501537 1.1245788
11.3434192 -13.0325485
-3.1079657 -3.8776202
0.2222103 -13.4088797
5.3313645 -13.3240687
9.4464683 -11.7594302
3.9380920 3.5391170
-2.5376918 -3.7677249
-11.8991142 -2.5614375
13.4596527 -0.8163424
-10.0690393 -8.4838297
1.5348333 -15.7329202
-9.4315373 -7.8632655
2.9144514 7.6352373
4.3484004 -13.0967471
-2.2246702 -3.9078372
-8.0930711 -10.5474591
12.7034967 9.1516859
-3.2344111 13.2480386
0.3823823 -13.8693729
0.9391153 2.2735442
16.1980099 4.8026314
15.2258261 -0.3306855
0.5285238 -11.2267917
-1.7848861 -0.7803563
-1.5706132 1.6147229
4.4661109 -0.3209655
-8.1372994 4.3974561
3.1974811 -9.9677995
5.3348192 -2.2131322
-6.5738249 -2.0145909
-7.2430393 -1.1434603
0.2292525 -1.2702777
0.7899584 -2.0160482
4.7523419 16.1186119
2.4518526 13.9998257
-2.3362886 15.6116505
10.8181950 -7.1216768
5.4374132 -1.0442087
6.3969550 4.5383966
-1.0055347 -4.8634500
-4.1367313 -3.2923734
2.8673967 10.2820209
-4.5393417 -2.0988363
0.8149624 5.6968872
-15.5798538 4.5331736
-0.7045314 -2.2980052
7.6396287 -10.7443191
-4.4754802 9.9436627
3.0446334 4.0699249
3.1105335 -1.1923116
0.9616685 11.2072371
15.7863748 0.8185647
-3.2260942 1.5456370
3.6039333 -4.4178028
1.3859945 2.6952291
15.5079929 2.5992941
-2.3674705 0.4653304
2.6694297 -3.2048466
-6.0011841 13.0179298
-3.1887191 -9.7534289
-0.3935402 -4.3009507
3.0317242 -4.5699606
-1.8846954 -1.2461806
9.0726259 13.4205697
5.1872433 -7.5581377
-1.5687037 6.4449459
-7.5744177 4.3266771
-0.2252984 -16.2141441
0.1706845 -17.1604820
10.1720837 13.3889368
-4.4327227 -1.0340777
-6.9610790 -4.7006444
-4.4735307 -2.9059909
-9.2895535 12.3992297
-5.7062409 -9.2185969
12.8783602 9.6189801
6.2627990 -5.0859374
0.7650238 -0.3165545
0.0595260 3.1192922
2.5306675 -3.2104759
-2.1354580 -0.6079650
-1.8454427 4.8091950
-6.0159853 7.6792995
2.7445553 1.0121637
0.6774183 9.1564622
-9.3926445 9.2366108
10.6538265 -3.0138296
0.4250353 -3.7796043
-0.8726708 6.4047979
-1.9419570 -9.5226018
-1.8677450 -4.8091914
0.1690874 3.6451099
-10.4011351 0.1102368
-3.0831896 -10.8471822
-10.8143668 -6.7336988
4.5671212 3.2957886
0.4568323 -0.5462404
-3.2217755 -5.0690199
-4.8861518 1.1181896
5.8788556 14.1583091
13.1233432 9.1117001
-1.9491799 9.4870631
-3.9762726 13.1796745
-8.9715987 9.4295615
1.2766081 3.2527011
-3.0567286 1.1059807
-2.9768039 8.1949715
-3.1639469 -3.3138378
-0.0063139 5.0781074
10.6572042 -10.0791403
-1.1957451 -0.4026250
9.9514506 -1.7994763
2.4695072 1.6403156
-0.3754373 -3.5696582
9.2291859 9.7056200
4.9987568 9.8829483
2.1997160 0.6995697
-16.0407124 2.3964512
3.7443339 6.3616018
12.2280593 -1.6189617
-12.0418465 -3.2266487
-4.8489682 -1.1460698
7.8982350 -15.2920986
-10.3060181 -0.5874520
3.8241980 -2.4996396
3.7663803 -0.3703218
-6.9800716 -6.6883089
-5.5151598 -15.1955906
-2.3060930 6.9685678
-7.4644605 1.5307542
-3.8870859 -2.2095372
17.0468301 -0.6082703
-0.4439538 15.8411093
1.5535312 4.6734018
1.5872724 5.2440783
0.0962536 4.9639890
-1.6101659 -3.5701595
3.1302205 4.0168492
0.3058912 -14.5384975
4.7522165 -2.5826022
6.1349660 9.6146370
4.7986844 -2.5643573
-3.3866993 2.7774317
-0.7415687 2.6117646
-8.7311766 -14.5676158
-8.1185754 0.6775178
4.1816757 -10.3010693
-3.2148689 -11.2445517
-4.3481642 -9.4902228
-0.5639854 15.6577249
3.2155217 6.2169552
-0.2588005 10.9976684
3.9794383 -1.9295694
-8.0502240 -5.1000630
2.3573470 -10.7523432
2.2664729 2.2359195
7.0799074 0.4726992
7.2011893 13.3497653
-4.5817374 -12.7696849
14.6016201 -4.1187829
4.8394169 10.6998470
1.4164021 -0.3336794
4.5504936 5.4214625
0.4033319 15.2497078
-3.1324207 1.3716957
-3.5576992 -9.7863510
-2.7609169 4.6844142
16.3528846 0.7585309
-4.6411598 -0.1413241
7.6636860 6.3029650
0.6434792 11.6750186
3.4208763 3.5827062
10.7817667 -10.6895003
-5.0754367 1.6176164
8.2173959 2.2052865
3.5202499 0.1767074
-3.7902116 3.4431604
-9.6079437 12.8414681
1.5340509 3.5469646
-11.1780905 3.0139380
5.6114733 -8.0366999
-1.4463256 -0.5457916
0.7114066 -2.5926973
-2.6809602 -0.6902397
3.3616163 -8.6456806
6.7958135 -1.4904026
4.3608262 2.1006387
11.6208062 5.4165032
-4.0256802 1.9601398
-1.6621246 -15.9599042
8.6334178 -0.2881162
10.5861839 -11.4186624
6.2862284 0.8777423
-3.6237682 -11.6468436
6.8194564 -11.8767182
5.5119243 10.3817086
-14.0393012 10.0724037
7.9967916 -5.6392923
0.7269461 -7.4566862
6.4155846 -0.5938599
-1.9850227 -4.4439755
-2.4794125 1.5336824
14.5043276 5.3968485
-11.1532623 4.7846552
-1.4413216 -1.2741622
0.5864688 -2.7755122
-10.1298233 5.8624896
-14.8912299 7.2575151
0.0244935 -6.4001436
4.1760302 -16.6991696
7.8866996 12.2549796
2.5791990 4.3825727
-2.4590318 -2.0130180
1.4569222 6.1270174
-1.6336727 -12.3731476
-2.5478520 1.6075840
-0.2671185 -13.2199955
-15.8931797 -3.1564486
2.8249228 1.6521980
-0.4173118 9.4840811
-3.4025028 -4.5905124
-7.4163892 -3.9662408
5.8770398 -7.9474686
11.8046417 5.6634905
-1.3829454 -3.0288981
-14.3671402 -2.3608618
12.0899538 -9.9777608
0.3573163 1.8334718
1.0740408 12.6920262
-5.3573716 1.6740488
12.7667317 6.0355091
-9.4323447 1.2701125
-2.7711184 -10.3576495
-1.2300679 1.8079548
-0.9466002 12.7633374
10.8309234 1.9967626
-3.7759350 1.6612634
-2.3256082 -2.6834102
-5.9933036 -5.1222945
-9.7017783 -9.4329824
2.8369951 3.5978542
-1.5537221 4.9766102
-1.5277307 -14.8533211
-8.0389124 7.3718238
1.4387096 -4.8975988
1.8617551 -7.3058764
2.9317977 1.8854137
-7.6552832 -7.6824928
-7.5997243 -1.4612212
10.0931389 -12.5177249
-4.5049723 11.7644315
3.9338938 -4.1542781
0.0872268 2.7539231
0.4396103 2.3519475
-4.7176495 -3.9642141
-8.9106602 -13.1824056
-4.5605173 13.5354640
1.2972085 -14.4890250
-10.8639990 0.9886391
6.9872258 -7.3778400
-11.1432580 -4.7788447
-0.2534036 1.5856350
-1.9769512 0.8699169
-0.8531764 3.5240438
-0.3614239 13.5877106
3.8342444 -12.6591610
-1.1401366 -0.5190643
1.7755745 7.6240563
6.5701123 -10.4555103
-6.2746471 -15.8258456
12.6329156 -2.0736251
10.4115852 -4.0996476
10.0296304 4.2794346
2.4803227 -1.4577282
3.7372373 -0.4066319
2.8658782 11.0659080
-2.6785728 -10.1304469
16.2750655 -5.7668165
-1.5670740 -14.4203899
6.0383968 -15.9457991
-11.7094074 10.9392697
-1.0305183 2.3715803
-6.3958168 -13.8575131
9.1089613 -12.6077759
-3.4695391 -6.1382692
8.6177390 5.5127494
7.2814822 9.6004526
-2.6393456 2.2568271
-0.7433822 15.8961887
1.3815010 0.3653791
2.4877314 -1.5224182
-3.1900136 3.3485241
-7.4017335 1.5920097
0.7249949 -6.9824870
0.8078685 -0.9738424
5.4566737 5.4894964
7.4106103 0.4707842
14.3558052 0.2614262
0.6286648 0.2170896
6.0080933 -3.3286140
-0.7223500 2.4320652
-4.0446037 -1.2609918
-0.9758220 5.6717220
3.1097522 -5.8722116
5.0658519 0.8417713
2.6055657 10.6856927
1.5874486 5.0542685
-6.4222147 -0.6009031
4.5017433 7.6110102
0.1984025 3.5774974
8.9646076 6.2163169
0.0841059 -2.3601663
0.5666001 -14.1647205
-3.4363008 2.8972516
-4.6396738 10.5939395
9.7747229 2.6457795
7.5032872 -4.6455174
-0.2182682 -16.7219333
0.2863549 4.6543832
1.5439825 -11.9276114
-10.8770442 -1.4741856
-5.3102512 1.4979115
-5.9743818 -2.5099734
-1.1238705 3.3730129
-3.4705053 -2.9601183
4.5663859 5.7821536
-4.4707255 -13.4231884
15.1271729 6.9634000
-0.9505650 -4.5263960
1.6609991 -4.3802500
-13.1292781 -9.2458143
-16.4452550 2.7978061
3.0539320 14.1762102
8.5981349 13.9163269
15.3240200 6.5136463
-7.9203269 -3.1036517
-4.5633969 8.2562229
9.8952673 -3.2104273
-9.1242073 12.7437712
-3.7315690 16.6997378
0.3648514 -8.9964054
-2.0477170 -2.2765578
-16.1421687 -5.6041150
-12.6977193 6.5922064
-8.9277255 -12.9955572
1.4852225 10.1389384
0.6850502 14.0860674
-15.7452379 6.2714847
-6.8646761 -12.5209605
-7.3534591 -5.4252876
-0.8220212 0.3712265
1.6171709 -0.5673716
-4.9605116 0.7621156
-4.3189669 -1.7633918
-0.2389963 -1.2096782
-9.2674759 5.9392500
-9.1482572 -13.1277702
-13.3477134 -5.2556422
16.7926827 -2.7895989
0.7176306 3.1992425
-6.5504234 -8.3324962
0.1715945 -15.6078911
1.1309351 2.2519059
-6.2682307 -14.9025765
-2.8009071 10.3651111
12.3091968 -2.3446320
-11.4151972 -4.1865215
-6.7860408 -1.0907818
8.0124399 -2.0674238
11.6345787 -5.8022966
9.4657194 -3.2660611
5.7536534 2.5274103
1.4720992 -10.5119001
-6.3494162 8.0309714
0.0494353 1.8200066
1.6803365 -9.6637986
-0.4051714 9.0022692
-1.7421966 -1.1433932
-1.7162104 -6.8998449
7.6261792 6.2752219
-4.3983930 -7.7431031
3.3831182 -4.0083718
5.6937278 -0.6567901
6.1452410 -6.5945310
16.7151035 2.3430955
-12.7190452 -2.2825626
-4.0630355 10.1765437
-1.0903038 0.7660212
0.7230739 5.1592654
-1.0919838 10.7996296
11.2748465 -8.1794573
-12.0677982 11.7193776
-4.5430099 -11.5565635
5.8650738 6.5483317
5.5356451 -7.8206949
2.0685984 -1.8507763
11.2154031 -10.2652396
