3960 2
17.4084697 9.2105729
16.7578911 -9.5600673
-9.0004687 -11.1412985
2.0966457 9.4475015
1.1204643 -10.7911223
-11.3820110 -8.9546939
0.9476485 -9.1776221
15.5311228 -10.9590253
16.2582997 -5.0613849
14.9946358 -10.0240313
-8.6871318 -6.0650648
16.3632787 -9.1620690
4.3319888 -8.5276811
18.1029203 10.9065981
2.9441625 7.5472235
12.8359788 -8.4502368
-15.6496921 -10.7717143
0.2077975 -6.4417843
9.9484685 -10.7097871
5.7608362 -11.1494257
13.6192912 12.3867287
5.1061203 6.1235162
2.9502561 -10.1173313
2.0737160 -9.5797879
-13.3457142 -12.5158318
-1.0231887 -12.9931925
5.3618683 6.0369524
3.8284698 10.1537854
-10.0296018 -9.2435455
15.9149401 9.4276034
15.2126741 11.3442293
15.7025940 -12.7620396
11.9336324 -11.7159042
-13.1979658 12.6718618
7.3622434 -12.6007958
1.0777221 -8.4158406
11.9685289 -5.8208510
1.7368937 -12.4561367
5.8708306 11.3399912
0.2972217 5.8141621
15.8947188 -9.7892763
-0.9767352 -9.5687481
-13.2860696 6.3036354
3.7123246 -8.6279958
-17.7379873 -7.2756593
-18.2386540 -10.1095996
3.6255121 5.4282370
14.6451239 -12.2815965
-17.3263161 -8.4252062
5.2160011 -10.2100887
15.5167769 7.7659668
-12.3163248 -9.2642593
13.7404369 -8.8622274
-7.6103492 11.5601795
14.8877756 -7.4798579
3.4287025 -7.5863876
18.6112865 10.0706009
4.7314664 -9.7532323
12.3983102 -11.5534393
12.0921160 -8.3937724
-18.8897448 -5.1338294
-16.6409659 -8.0586398
-12.8501130 -9.4127604
17.4992201 -6.8689583
-0.2198404 -7.2587286
-3.0003471 -10.2163001
4.2028424 -9.0868564
12.0271193 5.3182664
-13.9336605 -10.3706720
5.1013760 -9.5967316
-12.0187948 8.6435532
-16.4561346 10.4511401
-14.9544509 -7.6698173
1.0128559 -9.1194575
11.2016814 7.8207689
-15.9923005 -10.6980294
-0.6161146 -11.9568664
-16.4875784 -11.4261772
-5.0378138 -9.3735180
16.5543319 5.7100639
15.8302632 9.4681848
-16.8488956 -5.3774439
-1.1286565 -7.4023443
3.0066513 -7.6790897
15.9575092 -6.3031197
-13.2434020 -8.9937895
-0.1321805 -12.1058795
-3.8527518 -10.8433792
14.4844968 -9.2178095
-18.3055311 -12.6994911
0.3061381 -5.3645490
-15.5871333 -5.6979261
-1.2176059 -9.4141937
-5.1019661 11.8288483
17.0339673 -10.0474112
-18.0704416 -11.8537767
-16.9684669 12.3932701
-8.2627033 -9.6655735
-17.1710532 -9.4547787
-17.3289860 8.0394156
1.5892732 -7.9789967
15.3832536 12.0606878
0.0577528 -5.9448754
-1.8081212 -11.9827576
13.6286545 -8.8756150
2.9978423 -8.9216244
-17.2745955 -5.4951020
13.9897426 -10.5814280
-14.2398031 -8.3613611
3.8072112 -8.3796101
17.3316298 10.3619115
13.4452955 -12.5544978
-16.4032000 -10.6825467
16.1611083 9.0896252
2.5733726 -10.7844533
8.7149829 -6.7248206
-14.3407059 -9.8491459
17.5863323 -5.3122469
-3.9448280 9.9639992
16.9215771 -5.1902483
11.6613672 -5.7140995
-0.8820338 10.5091865
18.7566590 6.1305124
8.5446178 10.1543890
-11.9764759 -11.6885852
14.3622445 -11.1769958
-17.0771847 -12.7411766
6.0987932 7.3112542
0.9702956 5.3421051
13.2506119 -9.0567510
-15.3325707 -10.0934916
9.2409788 -9.5894137
-14.3241914 9.9778485
-4.2340829 -9.2850638
4.9290777 12.3533680
-0.4728398 -5.2592906
-13.7968660 -6.0140391
-8.6914403 10.6068452
1.3403136 12.8605911
12.1358727 -9.1150596
13.3633485 -5.3950417
16.5242023 -7.6154828
4.8802411 -7.8523276
18.0381966 -5.5499630
12.4794712 -6.1996137
15.7099158 -9.5066922
2.2055977 -8.7217161
-18.9023158 -9.7373841
-8.8796824 11.4421108
-11.5115278 -11.4711904
17.7609474 -11.8361909
3.5526990 5.8977945
15.3992406 -5.3020185
-17.4604239 -5.9090774
13.1923874 -12.4222239
-14.2934631 8.2538668
11.3169400 -10.8575387
13.4777993 -12.5547799
-11.0450013 -6.0914011
18.3482130 11.0618742
-3.2360505 10.8871512
-18.6864977 10.1645620
4.2895080 11.7906642
13.0771949 -12.5738837
-0.5410263 -9.8805459
-17.8373307 -5.8624143
14.5453395 -11.1138747
0.9723638 -6.1510613
-11.3459888 -9.7863962
16.3107224 -5.5069690
-18.2826966 -11.7081470
12.0783597 11.6285655
12.1805321 -7.6930397
-1.8755370 -5.8405767
-1.5614734 -11.1724669
14.5001875 -11.7679689
11.9641928 -12.5054230
-18.8612580 -12.0049019
-0.7901582 7.5380816
5.6549646 8.3210020
-11.6361030 -10.0144324
-0.2585377 -6.0566538
-9.4208939 -5.3069362
17.7692770 -9.4550221
15.8498731 -9.0981370
12.9245803 -11.1365437
16.7974064 -11.0093484
3.7573161 -9.5454945
0.0820224 -6.9551486
-6.4542593 5.6663278
16.3004194 -8.5240058
-10.4512033 -5.2020432
-13.5000938 7.9842789
-18.3721085 -8.7637678
14.6762859 -11.8068577
15.4211023 -7.4953431
18.3289938 -10.9095364
4.9194996 -7.2435524
-17.6852253 -8.7098970
3.5116104 -7.7321641
12.6204514 -11.4179109
16.6235609 -8.1788723
-18.8391396 11.0542291
18.4621679 -11.3077956
17.5622827 -12.5898574
4.3798835 -8.7500274
6.9247778 10.6645995
12.2914517 -8.6846627
5.5137067 -5.2634700
14.2162907 -11.7736260
-3.1247851 -9.7381465
-8.5644291 8.9351379
-5.3742600 9.9831523
-12.3067854 -7.9098065
3.2247752 5.7395854
5.0851620 -9.5887915
-0.3710325 8.9515620
17.4456187 9.0610838
-6.9389156 11.2262093
-13.0858914 12.6754667
-14.9330135 -8.7305514
-1.9354148 -9.4976520
0.3541483 -11.0372729
-12.5586689 -5.9538489
-0.8560817 -11.0737053
-3.6480234 -5.8315820
8.5941318 7.9254107
-4.8123556 11.6718532
-1.1558536 -9.8255529
2.1844374 -12.4324491
-14.0862053 -5.8059383
4.2080393 -8.0568505
3.1539208 11.7266419
-13.2651226 12.0338781
18.1113860 -7.1203893
3.9726851 -12.8171172
-17.2734931 -7.0311770
0.0147558 -11.3422942
-14.1925377 -7.5914579
3.4644530 -5.1981821
11.8327355 10.9806109
17.6713634 -8.1849608
-7.1533640 -6.3968937
-8.7812778 5.8597805
11.4967276 -7.4771974
15.0062537 -8.8714418
13.5148302 -7.9980770
8.7606210 9.9329475
-18.6655152 -9.1668870
5.3892625 -9.8830174
5.5374778 9.1181368
8.5324314 -11.8411490
13.2874832 -5.8677661
-3.6417375 12.0582694
-10.2219360 9.4371605
-1.1332021 -12.1359873
-15.3704252 6.2188376
-9.8505517 -6.1834683
12.0592508 -8.4450926
6.9229052 -11.6802577
18.9181241 6.6793599
13.3751362 -6.9672069
-7.8594497 10.4171292
-17.7282433 11.2192605
18.7860499 -9.3027039
15.7111143 -8.1072872
-0.2250041 -9.5990123
5.6120077 -7.5007479
-1.8859879 10.7097421
11.3391031 10.5999101
-1.3456805 -9.6423434
17.6472704 12.6313637
-12.5312306 -10.5646469
-16.5696673 -8.2169980
-14.2807202 7.9943695
4.1376805 10.1069032
-16.7834707 -10.7868515
-9.7286489 -9.7619383
2.3860503 10.3840811
-0.7030145 -10.6096255
12.7417430 -7.7376724
-10.5041828 -6.6670577
13.7005643 11.2989185
11.2962421 9.6067073
8.0756020 11.1519914
16.6186810 -10.1482911
15.3656507 -10.3349502
-18.0729459 -9.9274102
11.8332063 -12.2163058
5.4127513 6.3574249
14.3964236 6.1675831
5.5239173 -10.4884047
-11.1859113 7.4544808
5.8129138 12.2661847
2.3096660 -10.4550217
-13.5668000 -8.2701444
15.7913519 -12.4457523
18.2334596 -11.1501186
-17.5149124 9.0469311
-16.1982264 -8.4780371
0.8118005 -7.3206253
-15.4229970 12.2707497
2.5542954 12.0479845
16.1474951 -5.0262388
12.2293323 10.2180555
-16.1149201 -8.1250909
-9.7536264 -10.7433639
2.1555241 -12.9839046
-7.5417482 7.6757899
8.9614574 6.1843094
18.5981472 -6.7584907
-1.5649346 -7.5635421
1.4294878 -11.9249025
13.9532896 8.3137684
13.2871071 -7.2308412
6.8596596 -5.8553303
14.6264324 12.1369067
-16.3091948 -6.1702317
13.4141484 11.9703773
-11.3074388 9.0784576
16.7946685 7.0897516
18.5239745 -5.2727309
4.2495428 6.5466771
-9.3005251 7.8337986
-17.7796579 -12.5497316
18.7982981 11.1984309
13.2277517 5.3130089
0.4087957 -6.7768915
-7.0555105 -10.6051456
-17.5004420 -9.6799758
2.2269035 11.8050240
-12.1886186 -12.5061762
11.0439585 7.2684617
-9.7006283 -7.0211928
-3.3312552 -7.1729043
13.4002550 12.2147294
11.3846088 -6.6556100
8.1397261 6.3305969
-17.1786485 -7.6147348
4.5015187 9.5724016
12.6856851 7.0721513
0.1734509 -12.0579110
-11.1935705 -9.6371695
-15.7293474 -11.7298540
13.7716052 -9.2348511
-18.8025702 8.6145735
16.4999777 -8.6284098
-11.2087763 -7.7442930
-17.1966788 -8.7188156
-3.9272921 -5.6553505
-13.9869060 -10.8163333
17.4800309 9.1753094
11.0153602 -9.8584259
17.3589838 -5.8367663
18.9592153 7.9380113
18.0934658 11.6114432
0.1023997 6.3451369
0.6372093 5.9766849
-17.4000278 12.8839314
-1.6434311 12.5444981
3.2073432 -9.2667355
-16.8236773 -7.7378985
15.5631823 -9.7010834
-11.8646132 5.9238744
4.6376615 -9.3042564
14.3344510 -6.2842241
-18.6207922 -7.8631582
8.6002650 -7.0623617
-1.3208063 -8.6044398
17.8464572 -6.7417827
9.1396020 -6.3980102
16.0630826 6.4210583
8.3123031 10.3438166
-18.6301888 -5.5556274
11.1196798 -10.7731549
-3.9043138 11.4955085
-0.0699668 -11.9607629
18.4542116 7.1791664
15.9476741 -12.2518992
14.6847740 12.2358802
16.5252283 9.5810640
15.9281299 -11.5522590
13.9015435 7.5073642
3.7511780 -5.0592405
-14.5645702 -11.1155465
17.6134643 10.2891901
-14.2870110 -9.6596302
17.7206162 -11.9247517
2.9094779 -7.8787278
14.9316962 -6.1653849
0.4918698 -11.2805636
-0.8207992 5.5327707
-3.3268620 8.6717589
-8.7693070 -6.7113144
4.1990382 11.3916253
11.4138686 -12.5863222
16.3160084 6.8387962
12.6613993 -11.5826509
13.9592579 -9.4831574
0.6569265 -7.8827835
14.2630202 -11.5934272
14.3258570 -9.6701717
3.6949636 9.6937373
15.9685289 -5.8105189
5.9194054 -7.0909970
-16.6628198 6.6779996
14.9789049 11.3121140
3.5930209 -5.0217246
1.1385515 6.6788838
13.5941830 11.7714093
1.1453584 -7.1039341
4.4063888 8.3156523
17.8245584 -11.4473723
-13.2235552 7.2964122
-15.3055057 -5.9628528
5.0897978 -9.0063831
-17.6006776 -5.1236061
15.0127318 11.3404413
13.6818914 -8.5420621
-8.2044777 9.0549037
-10.4751611 9.4733903
-11.1883243 5.6156516
17.8961576 -9.1574467
4.5666947 -6.4181435
1.1975718 -6.9306123
-7.5847651 7.4850337
-16.5974274 -9.0065453
7.6272562 5.4951134
0.4345273 -8.6653314
14.3117000 11.1965314
17.9696764 -9.8016943
15.0832049 11.6678310
-13.5957392 -8.5659055
6.6643491 -5.6242127
11.2095138 -7.0400109
-14.5348959 -10.2288445
14.3724031 -5.0430534
13.6895293 -9.8149491
11.7044002 -7.1799348
15.1324475 11.6714774
6.7488283 -12.7746911
3.5122322 -11.4766950
17.1838957 -9.7343618
-12.2328908 -8.2829075
-10.8781691 -7.2547987
-10.0614362 5.4550181
-11.4855643 -6.6091686
3.0070922 -8.8831866
-5.6289322 6.8188996
9.2054019 9.4301286
-18.2369572 -11.1650888
-17.1945804 -11.8722207
17.8151508 7.1967576
-16.1201755 12.3997353
-9.6716174 8.8025983
8.1811993 -8.5535176
2.2585626 12.4325293
14.3044289 -10.0863442
5.4031602 9.2126722
-6.4207086 -7.4659982
18.1938158 -10.7703524
2.8284082 -5.5875419
-16.6976191 -5.2242174
17.2308442 -5.9592489
16.6840426 9.1527915
0.1704488 9.7176945
-14.3567899 -8.6367983
18.1387139 -5.2696233
-10.3490432 6.8866738
3.8095704 10.5404370
4.6979652 -9.4990328
-15.9808613 -12.7070466
9.9275234 -9.8937032
17.2644842 -10.1238743
-13.8328471 7.3441623
-17.9387044 -10.5937692
4.8076713 -10.1900285
2.0471684 -12.7789094
5.2037577 12.5552330
-0.3785348 -8.3490596
11.7438294 5.5583062
17.4724314 -5.8411603
5.8728818 -12.8597573
-14.9853093 -11.5819580
11.3082336 -9.3117772
-0.2273381 -5.3144599
-12.2964407 5.3568984
-16.0611968 -10.8997076
5.9486282 7.1448741
-6.5225408 11.9906574
-15.9779853 12.7437245
-13.9943127 -7.8796356
0.1074876 -9.2828802
15.0339313 -10.5300871
-13.6348970 7.1626232
12.1125362 -5.5432282
17.7623987 -9.4768829
6.7966508 6.4736345
2.9305714 -9.1453771
-14.3078965 7.6217632
4.1806704 -8.7063660
16.9840290 -9.7582779
4.5169947 -10.0850523
17.0812758 -10.0388729
-8.2528662 8.5305718
17.9170401 -6.8303075
5.7309740 -5.0275940
12.2879029 6.2872784
-16.9651481 10.0719816
-4.6688557 -12.0915751
6.4889674 10.3214628
16.3974306 -5.2581877
3.8528734 -7.9886060
-7.2363572 -9.9758154
3.1188373 -7.1605904
-0.2369285 -8.8225187
18.2761234 -12.4667411
7.9515874 -8.2617705
-6.0837784 7.6878203
-16.5874015 5.7969194
12.4014912 -10.4707740
15.5785361 12.0287539
-18.8382528 6.0952022
5.7176454 -7.5847377
13.9203484 12.4983483
4.3466665 -6.8207826
11.9887500 6.5293901
2.8386737 7.4915952
11.9023061 7.2775525
11.1169384 -9.6765279
2.8754179 -5.8295561
-14.3859937 -9.2533467
-13.6036167 -11.9737351
-3.6179471 12.7536470
-9.6320588 -8.9625170
-17.0125569 -8.7263706
-12.3240125 -10.1255898
-10.1658821 -9.3133525
11.2223159 -11.7825655
3.4890413 12.1230285
4.2317379 -7.4744331
-4.1628013 -11.8576091
6.9161021 -11.2481040
17.4949149 -11.3317785
17.2143550 -8.8620333
-18.3199790 -9.6050873
3.5634126 -5.6361552
18.0374523 12.5509166
16.6120476 9.7647603
5.7207598 11.3189560
-12.6167751 -11.8738807
-8.2422550 5.5508157
-11.4280351 -7.1851929
13.5857216 5.4359852
-6.0266765 5.3432495
11.2808590 6.0903387
15.5813581 -8.5587326
8.6059055 6.0527748
-12.7187767 5.0216257
3.4540141 -7.3329043
-10.1161831 7.3267273
11.7859993 9.4698479
-14.4556435 8.8269625
-13.7493633 7.9905051
18.5334966 6.1779814
-14.9758769 -11.1548118
-15.5426672 -12.2670892
-11.7406416 -12.3731929
-0.8129685 7.8756252
11.9341857 -5.7032446
11.4907643 10.3206530
-7.6541433 -5.5975946
17.7487229 10.2974692
17.6926228 -9.5785392
16.7454750 -10.3611438
15.9679058 -10.4681889
-12.5035457 -7.6384189
15.7749191 -6.9217843
4.4479248 -9.0469082
17.4166743 -11.3491564
17.0387379 -9.9213383
-15.1298116 -5.9886584
-8.5522820 -8.3589980
1.4399742 7.3859664
18.3969825 5.4654112
5.0741854 7.1439095
13.1130058 9.9134000
15.1485702 -7.9783547
3.6544981 -12.9370648
-14.8430906 -11.7695124
-18.6787598 -5.9726380
5.3307226 8.9277311
-8.3001809 11.1669821
13.7522085 -7.5159456
5.2498514 12.6645374
3.4290449 -12.6466061
1.8751611 -5.2606394
15.9354798 -12.6950220
2.7791298 -5.2168934
11.1223775 -7.4284597
-16.3571747 -12.7622225
18.6701116 -6.9439189
-12.7747460 6.5187833
8.6474445 -7.2484081
-12.7470952 -11.8166719
16.5609988 -5.6832850
13.1762015 -9.9602588
2.2416274 -11.7788552
-1.3391196 -8.0984948
14.0891070 6.2462850
3.7572129 -7.3574660
17.3751806 -8.3517517
-4.8369929 -9.4263063
-0.2245267 -11.2763075
-3.5395104 5.0053137
4.8616372 -8.6074057
-17.8421820 -9.7484407
-14.7987222 -11.4553714
-12.0893823 -11.9639250
5.1009998 -9.9401706
-18.8616828 -11.7526361
-1.9671016 -12.9402258
1.7490738 -9.8919740
4.4710765 -10.5369052
12.1937183 -8.1152157
-15.7745013 -9.6878769
1.6077247 -6.4885445
17.1192694 -12.1904248
12.3949593 -6.6912128
8.2608595 -8.8520756
-1.4714059 11.9865554
0.8395798 -8.8139977
-13.9145819 -7.2229636
-14.5263248 -10.2235959
-1.8656903 -9.7734895
2.1568179 -8.3154759
13.9766729 -5.9178663
-11.5753497 6.9953603
16.6542386 -6.9146667
13.9818940 9.7653520
14.4827582 -5.6664711
0.8990206 -8.9588767
-15.0619107 -11.8903319
16.4514680 -6.2436825
-9.3202958 -11.6578754
-3.9699900 -11.7438874
12.0699153 -7.1348140
8.6518092 -5.6356541
2.0039495 -5.2405873
17.4101874 9.8130680
18.2548386 -9.3498517
15.9909338 8.7733125
17.7177159 -6.5284530
18.3359925 -7.9816112
14.4746392 8.0628264
16.3586205 -12.4661354
9.8345963 10.9928049
8.7412120 -10.4427899
14.7794308 8.3568029
-13.4205698 8.3927119
-5.2287467 11.9343083
11.8643209 -7.9004114
-17.3934058 -7.7057036
-11.7116119 -6.2175610
-11.0440325 -8.0814782
5.2965539 -7.2720432
0.4193047 -8.5072280
-9.7030379 8.9388913
-17.5337613 5.2418821
-12.5414483 10.3000366
11.5598300 -5.4416971
3.6601019 6.1636011
-18.9778323 -8.5702867
3.6157314 6.8461915
12.4896928 9.0661710
15.5077951 -12.5127932
0.9601818 -10.8835290
3.3705154 -5.5114351
-12.6110500 -9.6325835
9.3997239 -10.1753922
5.8108146 -12.8122180
-10.3557440 7.3219843
13.4040945 -10.2422258
-7.3389432 -5.9786074
4.6144422 8.2701906
3.8316881 -12.9404034
12.9523726 -6.8083781
-6.8787298 -9.6474705
18.0546141 10.9719825
1.4116919 -8.6652653
3.9033928 -7.2719652
3.3422880 -9.0113130
17.1989236 9.5603750
8.7975190 10.7761962
1.9250155 -7.6386584
-18.2472470 -10.9587516
11.4821546 -5.2295762
13.1548220 -11.7088568
4.2172301 -9.2613388
-10.8024728 -6.4675514
-16.3474416 -5.6379287
-5.8016731 -7.3434196
2.9855082 -6.2508198
-11.6384521 -6.6793646
11.6953609 -11.5966403
0.4245543 -7.3322699
16.1056081 -5.1384813
-9.2385718 -9.9060613
-10.7603974 9.1774070
14.2694446 -9.4753794
-10.9882480 -7.6745086
-9.2547540 -5.3686113
-17.6369343 -10.3442313
-11.1932287 -7.5159441
2.7568147 -11.1577195
14.8502675 -10.1077608
-0.6605134 12.9882126
11.2852981 -9.1051042
4.5141163 -6.9158602
8.8095878 6.4809311
17.7213382 -7.1550240
-12.2393466 -7.6590394
-1.8207775 -6.6314955
11.1227590 -9.9705628
3.1524683 6.2118881
5.3489110 -5.5968603
2.6682447 6.9862125
14.6620776 -7.2056296
12.1838090 -11.3799863
-0.6485911 7.7728625
3.5094674 7.1898610
4.3340914 7.0768019
14.9342723 11.0546621
7.6331450 -12.2860298
-13.1713543 -5.5219207
-12.1535733 7.8843645
3.3097879 -11.2853065
5.5570029 10.1553245
5.6333221 9.3162928
-10.7664781 8.8606739
13.4502052 -7.9064367
-17.1198915 -11.4411972
15.7127869 7.6889847
4.5309144 12.7258742
1.7793103 8.5558316
-15.5246670 12.5216775
1.7767525 -10.8233821
0.6501510 9.3749454
17.5249407 10.2528408
15.0650516 -6.5974755
4.7996907 -6.4319032
5.6623783 -11.0001705
15.8257269 -12.3702111
11.2728792 7.0873921
4.7140111 -6.3582721
-14.5047083 -12.6597993
-0.1228062 -9.9084746
-18.2346726 -10.4076583
5.5028501 -7.4104298
18.0126606 -7.1823912
4.3721991 -7.1900581
-16.9043748 -7.1111784
-15.3081651 11.8975321
-17.8598337 -5.9369329
4.1979809 6.5748164
-18.0867892 -12.5918957
-18.0407688 -10.4551491
-15.5517226 -7.1081619
9.6682588 5.0127566
-6.0224618 -8.0154720
14.1830357 -6.6874090
13.4637255 9.5365748
13.3895828 -9.1341680
-17.0968574 10.8456728
12.4984186 -12.2112059
2.5929961 7.0228310
13.7976784 -12.9718074
11.6245988 9.4283357
-8.3760960 8.4646196
-17.8626170 -5.6356209
15.8267808 12.3618683
1.5129863 -11.7043844
-14.8543943 5.3895224
-16.4186963 -11.1412624
-14.8662751 -6.1441235
16.6084339 -8.1837622
15.8243051 10.4176994
5.4992606 -12.3223760
6.5405357 -5.8613586
4.7796773 11.5346011
11.2368066 6.9599217
9.8614793 -12.6534356
16.2978193 -5.7656917
16.5111929 10.8454325
-3.7381363 9.8017029
16.0253658 -11.6896352
3.0381010 10.2016027
15.0625980 -6.9572573
9.6599083 8.3701872
-9.9323082 12.3189047
1.3822271 -7.9402066
7.0229136 -11.7907962
12.4825459 -8.0789623
-18.0407715 -5.2230888
4.5877738 6.1726699
15.8829028 -5.4632856
11.2423073 10.9661099
2.6304682 -8.0055049
7.3810171 12.0145650
18.7714846 12.7881501
-16.9460607 -5.5187334
11.6329158 -5.7972025
5.4238093 11.5396261
2.1764994 9.4490654
14.5478110 -5.9125941
4.0032547 -12.5887131
14.3672811 5.3461654
6.1825943 10.7059681
-14.0993272 -8.1293097
16.5196657 -9.7084316
11.8165738 9.9581767
0.2844577 -11.6589914
-18.2312127 11.3983671
12.3594293 12.4291399
11.4098229 -5.9043709
5.0468641 -12.9582046
15.4244266 -8.9941563
0.5452043 -5.8434907
13.4334741 -7.8027909
-0.0998149 8.1449793
17.2414305 -10.0926890
-11.7596331 -12.6216855
-7.7175875 10.8231053
11.1254089 5.7171398
11.2476226 -10.0250396
-16.9736672 5.4547846
1.6735754 -8.3293865
16.5792030 10.0233379
-8.0807053 5.2452884
-6.2153015 -11.6885755
12.2331188 -5.8848182
1.2355144 -7.4457108
-12.8773980 12.3768917
-16.8934210 12.7423574
15.2083631 -7.6562664
-12.3613173 -9.5909646
4.4650627 -8.9249640
15.9823120 11.9757472
-14.0715676 -10.4706843
-17.8044136 8.9224428
-8.5361351 -7.7368248
-14.5007854 -10.8986847
-14.6383904 -12.6968992
15.1469313 8.7658572
5.7601823 -12.2629546
-15.0763295 9.0191157
-0.6379843 -7.7919775
6.8990546 -6.8719670
14.2527719 -7.1403347
11.1990926 -7.3326480
11.9419865 -11.6857947
13.8393425 -12.5605616
-14.0508740 -7.2218850
-10.0951996 -5.7972933
-16.5805500 -10.3347992
13.0704608 -7.8982071
-14.4648286 -8.1086181
15.5367227 -8.6176649
-15.3507973 5.4274175
17.0733150 -6.5723289
-11.2871925 -6.6819245
15.9909432 5.7558982
-1.0675311 9.4079518
-18.0501782 9.2894200
3.5204011 -6.7093997
11.7558026 -11.7749308
-6.4497847 -7.6832299
-13.1531535 7.6680597
-4.6649634 5.1941816
-1.5919415 7.9953119
11.3712279 -12.3225442
8.2724689 8.7870858
1.1762067 5.3959980
-15.2761123 -11.0452430
7.3319904 -7.3194975
18.8468710 -12.6460736
-0.8097562 -7.1001281
-18.7452886 12.6076209
-11.2665441 -11.4155162
-14.5499412 -12.8297813
-16.3144978 -8.6523864
1.0070108 -5.7558739
15.6050726 8.3883985
11.5419698 12.7190566
12.6080439 9.8322155
-1.0510759 5.3389124
-12.5925089 -11.5247917
3.7014593 8.4796418
18.4764830 12.6071449
4.3474982 -11.3975857
3.5098577 12.7136781
-13.6607170 10.7933411
-12.0191846 -11.7486660
5.0523408 -10.1134819
12.1535089 -6.8760735
5.9685702 7.6316301
16.0783933 -10.2389153
12.6057611 -9.9273256
18.8389129 11.8931018
12.8734065 -9.5710093
9.0769765 5.2212253
14.2743625 6.0332512
-0.7494948 -7.6121017
-0.8167108 -9.3359635
15.3690620 8.5393265
13.2681103 12.7834689
3.3339326 9.1852479
18.7617035 12.1509412
11.1974766 -12.9544444
12.5562172 -8.7089820
14.8014555 -12.2243354
15.0581043 -8.1575327
7.6100548 11.7922291
13.3700582 12.5127657
-7.3861863 -7.9829710
16.1764471 -5.2882405
-17.5953802 -11.2369430
-15.0840223 -11.6392239
8.6766911 8.6948275
-3.1637846 7.5323405
11.1035222 -5.6311544
-18.1169989 7.0753805
13.7250828 -7.8337426
16.3159298 6.3784746
1.4080191 12.4812841
-6.8628834 -6.5322906
9.9838545 -5.5935659
17.1660350 -9.5080057
14.8325993 -11.9702134
15.3131568 -7.5419188
13.1478686 -9.3129157
3.5336855 -11.0870146
7.5497867 7.6073915
-8.7280002 7.3193076
14.8488157 8.9891148
18.7714532 -6.4455593
17.6271164 5.7992646
15.6808728 11.8678205
11.6148518 -9.4017442
-12.0044343 -8.4874438
13.1358072 8.0194415
4.1860730 12.2029396
3.2696192 -11.2038091
-3.8471289 -5.4409656
-0.2730750 -12.7917582
-17.2281557 -6.7571233
3.3815464 -5.0972419
-7.9042607 -6.6517946
-6.7155989 -8.0597173
-4.4955691 8.2114236
4.5659833 12.4676471
12.5211165 -5.8251794
-4.2436436 -9.8155678
11.4911032 -9.1319052
17.4823261 12.8624268
-11.0960184 -9.0987814
17.1948236 12.8966792
-7.2350328 5.3433935
-1.7684265 -6.7276626
4.0343050 11.3122878
4.4629928 10.6738701
15.5579315 -7.5492364
-5.5422740 -8.0845913
5.7354136 -5.6100955
1.6656981 11.6959229
-11.1032677 -5.2864776
14.9074647 8.2482984
11.6511967 -6.2847125
15.3039230 -10.4325979
17.8749938 -9.2281130
16.2775640 8.4744198
18.2128538 12.6688103
5.1016067 6.5519264
4.2526538 12.0036106
15.9834138 8.0639176
18.2366823 -6.5200848
17.3086509 -12.0345805
0.8727767 6.1074947
17.5312770 -10.2355566
17.0286352 -9.1707350
-0.6270024 -8.8021728
-10.6309038 -12.8967897
-1.5286214 -8.0759110
16.5216903 11.2726644
17.6856510 -6.2585166
-3.5823055 9.1193776
-12.0583203 -6.7084360
-12.1804449 -7.6564592
-15.5130806 5.0962898
1.0910206 -12.6459151
15.6534387 7.8257101
-0.3931963 -9.6946699
15.9939272 -7.4449080
6.6642703 -7.2409592
-18.4883579 9.7099169
5.3970339 -5.7085919
13.0814343 -11.2284214
-0.9878859 -12.6711120
3.8694450 -10.2632369
17.0091068 -11.8194044
15.0298267 -6.1291404
5.1033662 -8.5819507
-15.8640854 -11.1904219
2.6096828 -5.4399373
-12.8531108 -6.1790191
14.9433740 8.3329937
2.8772256 -10.8684255
18.0353397 11.1866578
11.0624817 9.6218475
15.8894366 -9.7292585
13.4811923 -5.0446209
3.0042852 -9.7950916
13.9459167 -12.4180690
11.3041459 11.5083494
16.7365596 -10.8377508
3.6512846 7.3900025
4.0407524 -8.5085274
14.4278572 10.7358006
12.9369612 -10.3760953
16.6794287 -8.6543782
4.3895140 10.6352123
13.5070934 -12.8195940
5.8808694 7.1943656
-14.4707199 -6.8461945
3.9557046 -8.6497972
4.8144687 9.9399781
6.9650632 -5.7014699
16.5594145 -10.7062430
14.3031729 8.7457720
11.1453207 -6.7453505
16.1539355 -9.8943601
18.3988812 -8.2887478
-1.4790283 7.4421361
3.9223386 8.0532300
-1.0797755 -11.1117296
8.5448084 6.9679248
-12.7462153 -10.4836211
-10.4915698 9.9204642
13.1867977 6.2681188
15.1405382 -7.6722495
-18.7323430 -12.2478090
-3.1901947 8.3335341
-5.6193415 7.0553331
16.1877469 8.4661186
16.1977775 -8.4302912
14.0238118 11.6881407
16.5867788 -11.0796851
-16.2275452 -10.6235438
-9.2170895 9.2792656
-9.0862148 -8.5419996
-18.6877669 -10.7423885
-1.7160567 -5.6814106
14.7406305 -9.1040595
9.3252868 -6.9517709
-18.1976485 9.6171220
-12.9339533 -12.2148900
13.5777434 -6.7174582
11.1350213 -12.2148165
14.7020898 10.9072195
17.8912472 6.2973670
-4.5967464 -7.6743547
14.4443735 -11.0039496
14.2555712 7.8242911
-15.5111214 -9.3884132
-14.0055995 -7.6659019
-18.3326205 5.1945056
9.3736542 -12.8120688
-9.4434539 -7.4721083
-0.5683148 -11.5324240
3.8947635 -6.0689090
-17.2839465 -11.3100263
16.6643124 -5.7275951
13.9507936 6.9166403
-14.1477649 -7.5747528
-17.1782913 -9.7180906
18.6973662 6.9496978
3.0614205 -12.0368931
-0.8423017 -9.4220329
15.1603947 -7.4318135
-16.8050537 -8.4947652
4.8830804 -5.9982178
-14.3340805 -9.4071984
-0.3506033 -11.3739557
17.5699008 6.8608150
16.7568508 -10.8278624
-1.1713723 10.6158208
15.3271613 11.1909037
4.6972320 -11.5198961
11.0174259 -8.2471125
-0.0950223 -10.4454361
7.3735189 8.5888053
-3.9545750 9.2064716
17.9414974 8.1813379
8.8945839 8.3155042
13.2319319 -9.0055341
-9.0675437 5.3084580
5.8168579 -7.1788416
13.6130818 12.5540786
-14.4958093 -10.6347876
-1.5940654 -11.9933539
-16.3146220 -5.7646493
3.5424348 -10.4854268
7.6371496 12.3252227
-1.0807822 -10.5177152
-1.8013279 -12.2274678
11.7842927 -8.6091132
-16.6327029 -6.6083679
18.2342997 6.7584352
-0.3862494 -11.4902432
11.3346221 -12.8954932
-17.6936629 -10.4111042
11.8192991 -5.7363670
2.2217178 8.0645309
-13.4695130 -12.2343864
17.4315298 -10.8625995
16.8625210 11.3720980
18.4084251 -8.4541623
14.9916792 -12.2829589
-1.8552291 8.9174793
3.4501413 5.8161563
-0.7957994 -9.7645673
-1.9219912 -9.3018659
-8.5365100 -8.9306539
-13.6199629 -9.3425913
14.9475015 -12.1031676
2.6353139 -7.1882565
14.9844382 -12.1085256
14.3462163 -5.9707110
-1.3754602 -8.8448724
15.2907786 -6.1570798
-1.2355578 -5.9736897
18.6491987 7.8120766
2.1095137 -8.1991567
12.6585928 -11.6590536
13.0530609 11.9264421
16.0811827 -9.9291293
4.6482489 9.7274138
-0.4978550 -5.9675344
18.7496196 -7.7374203
-17.0156294 -11.4129661
3.4545891 -9.2636891
-9.6027329 8.5750157
-16.8835551 6.8578731
-8.6028296 -12.9603152
-16.8913789 -8.3397154
1.7996372 -6.6417676
3.6927853 -10.1347669
5.2609165 -11.6731139
18.7586040 -12.4409642
-7.8671068 -12.6385874
17.1185345 -6.7276593
2.6754626 -11.4032338
17.5260332 -5.8711013
1.0953599 -9.7764218
-3.6039671 -6.3156349
8.1625012 -7.3865735
-7.5149430 -7.6155436
6.0267077 -11.6816766
17.4506806 -7.0630294
-13.4292521 10.5966005
11.3931004 -7.0894543
11.6599480 12.6462564
4.8988519 -11.3680610
-18.2166496 -7.3070453
11.8896234 -9.8988033
5.0017277 -10.7441073
9.7564167 -11.9506102
12.7502574 -7.4833709
-3.2702335 -5.9174440
0.2398259 -9.7423288
9.0970523 11.1539770
-6.7384468 -12.1510564
0.2288237 -10.0758551
14.0042683 -5.9844528
2.7026964 -12.5120237
-7.8105022 -8.8077912
2.0652526 -7.3501314
2.9889548 -10.6355582
-4.1233533 6.7349620
14.2869561 -9.1184598
13.5212120 12.0975895
14.5122988 -6.0452817
2.7392368 -10.5880202
-11.7702421 8.2475386
4.2725970 -12.4409726
-15.2350144 -6.9610297
4.4483422 -9.1408015
13.2503055 -10.0765669
6.8619348 8.1632858
-6.5262545 -12.8993932
17.0625168 -9.1742610
4.9460620 -8.6079385
-1.9890447 -12.0171359
-12.3684798 10.0884884
4.4436995 12.8341619
0.2536893 -10.9547556
13.1257967 -6.7712254
-0.4300594 -9.9238346
-15.2695138 10.5759779
12.7939556 -5.3897578
5.8524268 9.8403441
-7.3234903 -12.2529085
-14.0755235 11.2658755
2.8279005 -6.9627376
-18.8149729 -12.1973013
-11.1070214 -12.0730387
-12.1188520 -10.9542416
-10.3971274 5.0424804
1.3988314 5.3640857
-1.4527932 -12.3358665
5.3432516 -12.1116355
16.6123428 -8.4399190
8.4319516 -8.3550976
-11.5262880 12.0537617
0.2823035 -12.9145078
5.0192906 -11.3283265
15.3212765 -10.9883531
0.9111299 -7.4782806
5.5744574 5.5487747
4.3534470 7.7378107
11.6088136 -12.0672221
-12.5504481 9.9478421
-15.9809831 -12.7644777
-4.7746272 7.0489104
13.9289404 7.6449366
2.1098616 -12.2276902
2.6484303 10.7925802
1.8095378 -12.9823982
3.5374503 -6.8210151
14.7097639 -5.3714993
-10.5317206 12.2251972
-4.4345331 -8.1955502
12.9900184 -9.3245083
-13.8269724 -6.9676765
-17.7636830 -7.0509555
15.3009144 -5.5817177
2.0508491 -11.1761009
-9.0926938 9.6216754
11.7340388 -11.4213891
-11.1958280 8.3188550
18.5429517 -11.9062255
-9.8175306 10.2585513
2.4979053 -6.9941078
15.0233335 -6.8149518
-0.9606011 -8.0359419
12.4486394 -11.5931351
-8.4316561 8.8404871
-15.5470620 -10.8759382
-5.8865048 8.1618659
-3.1603014 8.8047129
-18.4753432 -6.0713794
13.6751240 -7.4439553
11.5837473 -10.8049861
6.2109432 -9.6935391
0.7220993 -5.9033744
-10.5551963 -12.5052730
2.6900781 -8.7682253
-0.4095664 -8.8917267
7.5697536 12.5315143
-0.0704814 -12.6443646
17.8904671 -12.1312773
9.4082121 12.5422353
13.3887188 7.0747321
13.0121819 9.7297623
3.2239981 11.6438108
17.5461822 7.1987552
-18.1979344 -8.3148389
13.6763532 -9.9832322
5.1075647 -6.9261101
-16.4248883 -8.8433337
2.8670338 -7.0225055
18.0062791 -5.5347020
-6.6155807 -7.9783316
-16.5562162 -9.7195878
0.3973292 -12.5559586
12.1349381 10.2161029
18.2800845 -5.7516440
8.4897639 -8.6043420
17.4208649 -6.8522735
15.4492467 -8.5541373
-10.0609576 8.6536290
-18.2042570 -7.7805691
4.1867920 -6.2579279
15.7412392 -11.8345966
14.5444964 -7.9428722
11.8531172 -11.6596748
-15.2893397 -10.5651069
13.4735346 12.3168216
15.4125597 12.8258314
11.1840603 5.6338962
-13.2693824 12.2323551
-15.4911879 10.4662507
-11.3683344 -9.7798792
11.0024523 -7.1122522
15.7081058 -10.6401963
8.3461885 -5.2025324
14.0044242 -5.3040205
11.5556602 -10.7285610
13.5573129 -7.5654085
-14.0079122 -11.0607480
4.1499951 12.6928489
13.4321732 -9.2008622
15.5692216 -10.8506058
-11.9511744 8.3922580
7.3010633 -10.4786884
18.6743015 -6.1929072
12.0879415 6.3457860
6.5333547 10.7800007
-11.0342985 -12.1033505
-16.5522753 -9.6929190
4.4514218 -6.3076356
2.1123251 -6.1546818
-1.1621111 11.3846322
-17.0099749 9.7278733
-17.1912192 -8.8236140
16.3451823 -7.9975984
18.6926012 10.3876679
15.4457219 -8.5901796
-14.8609671 7.7335849
17.0639201 -5.8521860
-15.8467659 -12.7372532
-9.7489332 10.6395845
-13.4950889 -10.1562518
15.9565309 -5.6358439
12.0159933 -10.1201618
14.4228734 6.9878823
-9.3320134 -7.9430335
13.8810464 -12.0359400
13.0313333 11.0541248
-13.4210334 -8.2046951
13.8273896 8.1182914
18.3573259 -10.5945240
0.9983482 -12.0623300
-11.1941197 -8.2367737
2.2105707 12.8994799
-16.9991911 -8.9785980
5.2916070 7.5586711
-18.8480561 -10.9127313
3.9819348 -11.2193798
13.2000512 5.7382368
3.3815735 7.0041647
-13.4602230 8.1414054
-0.9244049 -9.2775182
18.6087139 -5.2740612
15.2420688 -6.3163585
-17.7171748 -11.5924989
-13.7343367 -8.2537068
11.8627975 5.3846226
4.9562332 -5.4861365
-6.8838981 11.2334355
4.2244019 5.2175824
13.1969769 11.3978410
-9.1779240 5.9252950
-13.7743934 5.5445926
11.9001037 12.4949026
-6.8240298 6.4029766
3.2163762 7.0642877
-0.9758330 8.8971850
2.8937220 -11.8295647
13.7576174 8.3688861
11.0541899 -10.8723281
16.4732954 -12.0120789
-0.5562937 -8.2054075
15.2942639 -5.9133258
-1.3166944 -9.9786537
14.5150305 -12.6153094
8.4427986 -6.0399411
8.3965114 -12.3802470
16.7227604 -6.8798650
15.9395166 -12.1378174
-17.1212127 -7.8956655
2.1065289 7.7520814
11.4293033 12.3440352
-18.6910178 -6.1849286
13.5326716 -5.4243636
-18.5590038 -11.4830882
-15.3370497 -8.7813409
-11.5811714 -6.2367685
12.0539521 -9.1728962
2.6000387 -5.4760852
-10.8869844 -8.9220885
18.0061214 12.2878668
11.2063558 -6.0864270
11.5902959 7.4103135
-12.2159342 6.9313490
8.9216917 5.3668028
-10.8470168 12.5132873
13.8876229 -6.7526629
8.1051218 12.0841811
-13.2157545 -6.5364526
12.2863746 -10.3421361
-1.5340264 -9.4966255
12.3768425 -6.2601783
-6.8548015 9.0504978
-18.0777505 -9.4794933
13.3218132 6.6189784
15.2754562 5.5766413
-14.5462445 -8.7724841
-3.8155011 6.1824107
5.8111059 -8.2186977
1.4111753 -10.0585344
15.6208469 -6.3810418
1.3660527 -5.0404097
-9.5321591 -6.1838156
-7.9589606 -8.0818025
6.6016464 -9.1826447
9.4354269 -12.6825079
4.1146238 -5.1653248
12.1137103 -11.2799492
11.8496149 6.0883467
-1.1158216 12.0982652
3.5535537 11.7819147
-12.7905136 -6.1295901
4.0531248 -6.8780404
-0.6432832 -10.4955549
11.3273347 -5.5777569
12.6218993 -6.0239746
2.3063994 -6.7917548
-18.0538046 12.6866773
-1.1680733 7.3690222
4.6251729 6.7588862
16.1037484 8.2232676
18.2710124 9.3668291
3.3135768 6.5838624
5.3373404 -9.7035253
-10.1736148 7.5786683
-5.9685955 -8.2164320
2.0724800 7.7081159
12.0227905 -8.5091227
11.5606155 -6.9608173
11.3794442 -11.5641060
15.0648557 -7.2310518
14.9517514 -9.4692177
1.7752930 -9.4070596
-17.5104560 7.4357473
6.0992679 10.9195699
9.2727421 6.4680357
4.1947062 -12.1042290
6.3680783 -5.4153300
9.2830511 -8.6133858
18.5174769 -11.0060420
-4.9717997 -5.4850584
-14.6673227 -12.0429221
-18.1619658 -12.0389860
18.3723804 10.0727286
14.4662540 -7.0125462
-12.1081904 -9.0335454
-12.0549915 12.9152782
8.0587211 -7.8813668
14.7157851 -10.3280102
9.0745938 12.8684433
18.5156481 -10.5449947
8.6923774 6.3184447
1.4828277 10.9219600
-0.8837756 -11.8484723
-16.6467892 -5.5836011
-16.2028851 -9.6746251
-10.1217243 12.1155833
18.7124094 12.9828639
18.9730323 -6.0102347
-3.5645974 -10.2266653
18.4100144 -11.1160900
-5.0053052 -5.5336100
14.0223775 -8.3311931
-17.1047182 -8.6644125
18.1589579 9.0535108
15.5473523 9.6406421
-16.8008801 -8.8335089
-18.5235844 -12.4995467
17.0027455 7.9907246
-3.7138675 -7.1530955
12.7372781 -6.0752180
11.0846859 10.7946478
-18.7645181 -10.7266235
2.8805834 -9.8678617
-5.5205245 9.1386087
-12.3390412 11.5769419
-7.7335767 12.8007574
5.8703024 -5.1145887
-3.5133434 7.9433399
11.7456998 11.2680621
4.7539478 -9.2242819
18.4140891 -12.5182003
-8.1845101 6.1276598
-16.5082803 -5.2763688
8.1686188 5.0496273
-16.3193141 -12.1041615
11.4665008 -10.9157276
12.6147876 -9.9150390
15.2579824 -9.1795192
4.7310301 -12.2295736
13.7693110 8.3620747
11.0440835 9.7056142
18.7529945 -12.4651146
-1.0486645 5.8407576
-3.6546261 -9.0414789
-18.5416797 -6.7802414
12.8141990 -12.2630640
-17.2648241 8.0624645
-17.9456171 8.1922026
17.8591045 6.9243594
-8.3111819 6.0183522
5.3002340 -6.2450929
-6.2568179 -6.1162409
13.6680592 9.9233872
4.6068387 8.9075397
-0.6832756 -6.5750934
15.8827589 -6.8020294
0.3402033 -10.8988973
4.7649805 -10.3958615
2.4638992 10.2547068
5.9317689 -7.7138483
-14.6845938 -6.4512308
-3.5534503 6.4827887
-12.4555408 -7.0245118
-18.6167769 -8.6561101
3.4955659 -7.1047551
-18.4466640 9.1384681
15.3640222 -12.2906927
8.8538289 -9.9991887
18.0885028 -5.3709901
0.6447704 5.3396359
-15.3899843 -5.9500809
-0.3010492 -10.2447875
-0.1706216 -5.1576299
-10.9385367 -5.8502566
16.7124303 8.7207343
17.8414377 -8.0740766
-9.7328682 -11.5758593
2.5794105 -5.6389702
-18.0210781 -11.0746488
-4.2571609 11.3298194
-12.2482510 -8.0301608
-18.9093058 -6.4979806
-16.5372165 -12.9642030
3.2573855 -10.7142388
-17.8945364 9.7007971
-17.7795109 -9.0332651
-13.0656909 -12.9843097
-17.4273411 7.1825752
9.4410109 7.9279842
-5.9070020 -5.3545409
-11.2906979 5.1058949
3.4863874 -7.0552067
13.7172082 5.7907676
-0.0825849 -6.1440234
14.4710212 -12.4467889
12.7732182 -11.8645328
4.5932971 -8.7674647
14.0184216 -11.9533357
16.2555117 6.2329374
2.2647227 -8.9335035
17.1876374 10.4661656
-10.7683796 12.5072962
-5.7395969 -11.6818808
-15.8753353 -5.9308713
-18.4317115 10.1157801
-6.2285355 12.7241331
-18.5181962 11.8844094
-15.7425336 10.3268729
-16.6205044 10.0311875
17.8123508 -10.2213745
0.4403736 6.5911377
12.5220675 -12.8322658
18.8559953 -6.3803864
16.8436485 12.3403159
-1.7140585 11.9004740
14.8249371 -5.8917750
0.0730361 -5.9541641
0.2106972 6.5716079
-12.4320542 6.5764342
15.4134207 -6.0578166
4.7926987 6.7982186
14.1921535 -7.2544182
-5.4282948 7.8719622
14.5814263 6.3120351
4.1398266 -7.6790091
4.7248372 9.6651038
0.3278355 -12.6779465
2.3555471 12.8549137
5.9538647 5.7900791
-17.8531737 11.1923787
-12.3575705 -8.3095759
17.0770578 -11.8415947
11.0957128 -12.0697430
-14.5054967 -9.7330960
-12.1411659 -6.0627159
-12.4068106 -10.9408578
0.0124434 -8.5111778
3.9532563 6.8161422
16.3829163 -11.2225975
3.6456333 -7.6195774
-3.9808097 8.7716586
11.4936534 -12.2521674
14.7281242 -7.4294207
18.9995918 10.6767284
-9.2742044 -9.6527445
-16.0165992 -9.5368081
4.0888669 -12.5048533
-4.5293270 -8.1164540
-7.7696581 11.5110411
-7.1246505 -5.7477527
16.8084455 -7.3886177
1.2362230 -11.0076635
-16.7575261 -12.5862587
15.7921103 -11.1764659
15.8376417 -6.2669957
-15.4028248 -6.8344305
12.5311149 -7.4484410
-12.6437519 -9.6182225
14.6510213 -5.6039936
15.8579551 -7.7183970
4.2042950 -10.5716305
-0.8574037 -6.8142038
3.5337929 9.6199695
0.0740861 -8.1572975
11.3062610 -5.6959302
-14.7912292 -10.0465524
-11.0092239 10.1100941
-6.3751167 -6.2417994
4.3847324 -5.1442118
17.1633270 -5.6484482
5.1860742 -8.4369863
4.0082584 10.2563494
2.2663623 -7.3218530
16.7398858 8.2003511
-16.4765732 7.4127891
-12.6865262 -9.6790331
-11.4424877 -12.9833290
11.6348500 -7.2541120
-1.0648984 -11.1950298
-9.6312903 -12.2912986
12.1825691 -8.1812207
-10.9309073 -7.2809598
1.4657488 -9.0482099
16.3675238 -12.4070916
18.3910264 7.8500254
4.1309631 8.1490380
4.1841335 -5.1414863
17.4047800 8.8128314
14.5988923 8.5800275
-17.3224628 -5.6502846
11.1106510 -9.2426999
-1.5323007 -7.4132901
0.1272450 9.1289896
-4.6732787 12.4591515
3.0172857 7.8305523
-13.9598625 -7.1166889
-16.1239368 6.9629377
11.0438936 -6.8336692
17.7540219 -8.1632803
18.5795879 -6.7849976
16.3873347 -5.7352644
-0.7810841 7.5410550
-10.5197371 -9.2954190
16.8838704 5.7445371
-13.1590238 10.9903061
13.2468451 -6.1061708
-12.1095971 -6.9810696
-7.0483373 8.8700229
-9.6125623 -9.1858777
0.7160915 -8.4032743
2.2262933 -8.7501111
18.5321199 -6.1257332
-0.2612794 -11.8231698
2.8923870 -5.7041508
-14.7325765 -12.0405793
16.0032224 -12.7631399
-11.3024916 8.6651106
1.5923513 -9.9359049
-9.9401837 -9.6175771
11.4612744 -11.8718038
-17.9685896 5.4429946
1.2070365 10.4759884
3.8613579 -5.3793094
13.0844961 -8.8927640
17.6024209 7.5477700
-7.5597834 -9.9968862
5.7550748 7.3006031
-15.5476982 -11.9232215
13.7445355 9.8431238
-16.4727629 -6.5937551
0.2088059 -5.0393435
-15.8247557 -8.4276806
12.3092294 -6.4774839
2.0168446 7.7893216
-1.0138542 -11.1514939
14.8792422 9.7435706
12.0711022 5.1453842
11.9854372 6.7640446
-16.6460059 -9.2587435
11.8654180 -7.5170558
2.6147263 -11.2047793
13.2143592 6.7310329
18.5276026 11.3512671
11.5613885 8.5370346
15.4051598 -9.6642003
14.1415385 10.3174298
-1.0058242 -9.0133600
7.9897785 9.1474585
11.5854544 -8.8043473
-16.0501986 7.9668224
15.4423980 -6.7328420
15.4541286 -11.3448167
-9.1424316 -6.0706396
-13.7578300 -7.4999282
1.9050942 -8.3003293
4.5676943 -11.7500209
13.6209948 6.7148762
11.9098805 -12.4286850
-15.0321998 -8.4885018
16.0729024 7.8085899
-13.0508582 -5.9424434
12.3272914 -7.8672907
18.3335793 -8.6089922
3.5220973 -11.7288285
-13.8571684 -11.4437865
-12.9380230 -8.5639328
3.5070860 -11.8578455
3.2108748 -9.6580685
12.6074500 -5.0738704
-12.6536748 -10.5392449
3.2842894 10.7791321
6.8653727 9.5796017
13.2794164 12.6991739
1.5309931 7.5470315
-10.1231279 -12.3230338
-16.3062293 -12.1177604
-18.6577295 -7.9491851
13.3591451 -10.2034420
16.1221619 -5.7162334
13.8508072 8.8177798
-7.1197929 -7.3503346
4.0284700 -6.7176647
15.5719796 12.7209306
16.8480487 -11.1100345
2.5572067 -7.2939501
17.7647227 -7.1597384
2.8345992 -6.7385001
-9.0275445 5.4086038
11.1761438 9.4046313
8.5473773 5.3136843
2.6129875 -7.4942650
12.6390215 9.3408082
-18.0382667 -9.6301767
6.7669622 -7.9824696
-11.9079588 -6.4075039
5.4876900 -5.5056345
1.1163881 8.8676720
15.8658840 -12.0248841
15.4352927 -12.9465822
5.6723599 -5.5733353
-17.3073490 -8.7686879
-18.7719890 -6.0194931
-17.9434551 10.4099399
13.3480980 12.1735540
-0.8685423 -5.5188412
-6.7085876 -9.9952571
-11.1726770 -9.9477271
4.2846615 -8.4236335
15.0586511 -12.1119330
12.8750636 10.5412932
5.3354716 9.9181020
16.2931678 -10.8424166
15.0680791 9.7423303
2.4463794 -12.3519936
14.7400360 -9.9097810
13.9237882 5.9956849
8.4238030 11.2470815
11.8399259 11.3500100
17.4154408 -9.0376704
-13.4428268 -10.6860201
9.9562482 -5.1727415
4.6577960 -7.9127328
11.2111147 5.9344561
-14.9721693 -11.4094976
-10.1998875 12.3737525
-11.6141453 -11.9659236
-1.3740312 12.0055382
4.6014586 -11.8845420
-1.1346758 5.4806237
-18.8038188 -9.6204497
-9.6018240 8.2778096
-15.5244668 -8.9898812
5.4118276 -12.2851433
-13.6953744 12.1630871
2.6888635 10.1972520
17.1501778 10.7588162
5.4547412 5.3942821
16.5474581 -6.7546720
17.0250298 -8.1169653
-0.9156125 7.1724088
15.2776654 6.4360014
-14.3924280 8.6552914
0.3675987 11.0502979
2.3186030 -10.0392291
-12.3122834 -8.9805459
2.7821366 -7.5850305
5.2654252 -12.0564185
18.5993141 10.9788597
-11.0341386 -7.1168249
-7.0311227 -5.5175967
-11.0005508 -7.9312525
-1.5370249 -6.4139989
11.0391297 -5.6393556
18.7862561 -12.1642664
15.3778126 -8.2242783
1.2035883 10.2073120
16.5449362 -6.9680278
0.2677027 -9.9827959
4.5850168 -12.0166429
1.8798169 -10.5062089
11.0404150 8.0570859
-18.5794279 -9.4921860
15.2671084 -11.1694972
4.4605104 11.4165482
14.4713746 -7.0629346
3.2620128 -11.3181040
-13.9870925 -9.5325476
0.0750191 10.7404760
15.7420766 8.1961636
14.8286069 5.6149840
-10.4943391 12.3197662
18.7569878 7.6763550
14.7231739 -5.5709060
-17.2903425 -10.8566545
3.9526356 -9.5411548
5.7625703 5.3399169
18.6982393 7.7006510
16.6951770 -7.3935989
-17.8709711 -9.6239483
13.2456527 11.0199313
13.0719732 -7.8031995
-1.4937609 -7.9769374
5.4414469 6.8975171
7.5657844 -12.5797566
5.5055422 -9.6566943
3.6549745 12.2170497
13.0961695 -9.2104797
18.2125026 6.9796575
-11.9869114 -12.8900673
-13.2625181 -7.1127898
2.6237702 -6.6763019
2.8693836 -8.7530286
2.7032792 -8.1243652
-15.6400415 -9.7256268
18.8234655 -8.3984169
1.1440737 -9.7842204
5.5029150 11.1513555
-1.2111171 12.6523528
-11.7648225 -7.9960896
16.5298041 -10.5842699
15.6997299 -11.8745818
2.6435881 5.2018546
14.8017123 5.3723079
-3.6212161 8.3448737
3.5786420 11.6851683
-18.1836415 7.2681508
11.1361782 -10.4896183
-15.2784836 -7.4444529
2.8075823 -12.2701091
0.0644737 12.0525382
-15.2986152 -12.3466299
12.2224611 5.6145476
-15.8125463 -8.0664835
16.0244975 -12.8567823
-16.3147999 -9.5396343
9.5634478 10.8554422
-3.9095627 5.0412237
-10.3881058 6.1225281
1.0108006 -5.6895342
-5.5944868 8.4409279
11.4023285 10.5568872
-4.4459159 -6.9897174
5.7375209 -7.1929885
-6.1420050 10.8539535
5.6497800 5.1198101
3.1353140 -5.4520728
-17.8627480 -11.0406821
4.9368274 -8.0521498
-9.7730490 11.1698037
13.8037631 -11.7234681
5.1474713 -7.0693337
-18.2746339 -6.1505666
5.3552479 -7.7857892
7.3276113 11.6415726
-8.6190066 -11.6831262
2.3468211 11.4145269
7.6050668 5.5069520
-7.6357907 -8.8293386
-13.9450365 -10.7853777
-14.9111753 -10.5622866
-3.7570946 -10.9356420
18.0100955 6.4781966
-8.8625227 -12.9781930
17.9332846 8.2906991
-16.6308784 9.0801348
-5.7110599 6.4160463
12.8278532 7.1903449
4.4136126 12.7356476
-11.0930093 10.5650036
18.7099909 11.7122338
-1.1021411 -12.7463743
15.5398503 -5.2497095
15.3715114 -12.5058227
13.3576858 -11.3970342
-14.9935064 -12.6602464
15.4383211 -8.3588164
16.9653327 12.5126269
16.2138112 -9.7095020
3.5718146 -7.5261706
4.6155380 9.7222394
12.5547704 -12.1469387
15.2496744 -10.9817102
4.0806079 -7.3359482
-12.9535337 -6.1642765
-16.3957789 -9.5011889
18.5171560 -11.8534763
5.8059985 -12.5659533
11.7492856 5.0739769
-11.3984603 -6.1723812
17.8503129 -5.3314711
-14.6474309 -9.0284804
-12.5758788 -7.6792539
12.4006304 -6.6549337
14.8994310 -12.1620782
11.3945723 -11.0070067
-4.2295605 -11.6347502
-11.6124645 -5.9029104
-11.3943534 -9.7206557
-10.7680410 -11.3064509
13.6466941 12.5117192
15.7641757 -9.6421532
8.5012413 -7.9273662
-15.2294624 -8.8638128
2.5590080 -8.6164805
18.8412723 8.6350904
2.4423529 6.2027981
-14.4766295 7.2615972
-16.2947284 11.5094292
16.7030736 -7.2210976
4.4583264 -7.9830951
-7.5361263 7.5826363
15.0824409 -7.5722225
-7.3478409 7.7562437
16.9118398 -11.6342668
13.0226813 -12.1039627
-6.3402114 -6.6431063
0.2937335 8.5429842
-16.8489742 -7.1218128
12.7766789 -7.1222785
13.0749905 12.9666400
17.5733755 6.1178412
-18.1556025 -10.7285085
8.4254878 -10.1302038
6.1234647 12.5339371
9.1261148 12.2324066
0.1066625 -5.7508626
-18.2484759 9.3504476
-10.4989120 12.3483716
9.8889264 -11.3925879
2.3156009 -12.4782828
4.9369163 5.3269989
11.3804343 -11.8231322
11.1362387 7.4501528
-17.2947483 -10.7604386
17.6639036 -8.0061856
18.2831668 12.6410083
0.4052093 11.7784615
-17.5042626 -5.3442749
-17.6824467 6.8673620
4.4895645 -9.5678903
-1.9213049 -8.3889624
16.8508044 -12.2316377
-11.3600956 -7.9209624
-18.0384275 8.4432195
-1.0219813 -9.1201055
-0.6853789 -8.9658478
-0.0185940 -6.5537951
13.5247267 -12.3896004
4.7539833 -12.9214187
17.9800702 -5.5470897
16.2823273 6.0166891
13.3757150 -8.8696336
2.1395101 -8.5488980
-1.6840799 -10.4954887
18.9998236 -6.1116489
-1.5695955 -12.1400635
-14.3816263 -8.1143786
12.9021330 -7.0893969
-6.7105487 -11.0845808
6.8098221 7.1724023
14.9211591 -12.9019616
4.9438887 -10.8604381
-18.1458593 -6.5820733
15.0281128 -8.2836871
4.5652722 -12.4820815
-15.5506790 -10.6530487
9.5724567 12.3753264
-14.6599533 -10.3939645
5.5060491 6.8219279
0.6435246 12.1891013
12.3545639 -5.7658632
12.1358918 9.8918826
-18.1377909 -8.9759213
4.4815640 6.4106633
14.5785831 12.0706036
-6.2824422 5.7716069
-11.3045090 7.2325436
-1.2348379 -5.9275434
-3.6135515 5.8576860
0.2827230 -7.9772957
17.7629883 11.2706935
-7.6026960 5.0908410
13.2738618 11.7062918
-11.5231390 -10.0778119
8.2894205 -9.5727906
-6.4653949 -12.9866910
2.4722075 -11.5648879
1.5132771 -9.0816836
11.0843345 -11.0159675
-7.1107032 -10.4819260
5.4304782 10.1551771
-6.5059982 -5.2804950
18.7344048 11.1388869
2.8265839 6.6101341
-7.5967862 12.7364393
-18.8431160 -8.5429776
-0.6268154 -11.8952480
-15.0295411 -11.8325016
-12.3878509 -7.9835350
11.8588875 -9.1839668
-16.6065582 -7.3712092
14.9178517 -9.3594441
9.0982065 -8.9598645
3.1071208 9.2973610
3.4698116 6.5458903
13.9763014 -8.7527742
12.0595640 -5.8938483
-12.9046935 -7.7301960
-15.6025162 5.8370231
18.1523948 -7.1410787
0.6362423 -12.4377383
-4.2896218 -5.0755861
12.9036855 6.3208650
-8.7023803 -10.8298687
-0.4422607 -11.4713648
-18.3892482 -6.1719791
-18.2714423 -8.6021991
3.1745722 -5.0386648
-5.4737218 5.0805096
13.8189299 -7.5090541
-10.2612058 -11.3608098
15.6773029 7.0819726
6.7434811 -5.0686135
17.8444116 -5.6715787
-17.2153469 9.6060093
15.6745644 -10.9777691
18.4028851 -10.7408860
3.9037803 10.8099463
3.3784922 -7.2075241
-5.3708191 -12.8767484
12.4029891 -12.4726044
14.7926062 -5.2408093
-15.9574805 -7.2076707
-14.8140156 12.2318716
14.3550705 -5.3543573
-10.1069736 -10.3898846
18.1411184 11.7619040
0.6965851 -9.5458290
1.1930900 -5.5435437
-9.0408842 10.2169968
14.2422953 -5.8572213
-0.0165057 -7.7812388
13.9383943 -6.3847642
16.5607043 11.4735967
1.8858463 -6.9441240
-13.6735437 -12.6427294
11.5942363 -10.4419753
2.2622072 7.3817836
-8.9863996 -7.3482333
-7.3844079 -9.6234433
17.4910352 6.5938252
-11.4953937 -9.9529275
16.2601592 9.8869818
12.8244514 -11.1315554
0.2131978 5.8148369
7.7454922 9.3374956
14.7187085 -7.6467376
2.7246830 6.0534983
-6.6668617 -9.8978549
-15.6179305 -6.4155019
-1.3779410 -8.4460684
-3.0133597 -11.3033741
4.1882649 -12.6348707
1.8070085 -12.6975316
3.3344386 -10.2470341
-14.2512017 -11.9668692
2.3175653 -11.7408332
-14.4384258 8.6491245
15.5400765 -12.7953875
2.2423481 -12.4320073
6.0956484 -11.5338340
9.6820099 -10.1260589
12.2304255 -11.7951497
11.9883735 11.8944545
13.1030668 -10.6575651
1.6456906 -12.9815232
3.1631610 -7.0127756
-5.8823592 7.1171968
-0.7408204 -8.9672267
-8.4489732 -9.8039552
-16.8399362 11.3711318
3.0297045 -11.7103608
6.9147704 10.7143988
-18.0094401 7.3071880
-5.1704010 -5.1864030
14.4464756 -5.5831133
15.5425652 7.9418135
5.2108493 -7.7091569
18.1001782 -12.5409036
-14.8731656 -6.2434731
14.3109654 -7.8294660
14.1572185 -12.8878706
-5.9217094 5.8919685
-3.0648774 7.5338453
1.8901767 10.6724065
14.0262274 -10.4456734
16.4959277 -5.3100338
4.6361331 -7.8586418
14.8674088 -6.6652865
5.8459312 6.6271667
-15.8725016 -9.4926662
-1.1071982 -12.7095650
12.3286167 5.0139026
13.2522473 -12.1699484
11.2394283 -8.4428467
12.0162577 -12.8858630
11.8469201 -11.7505517
-0.7811262 -10.2768657
-16.4990631 -9.2217602
-3.4730808 -9.6451921
14.3106863 -11.3136986
18.3985905 -10.0985801
12.0344561 -5.4792179
-13.2784851 12.5310216
13.9722886 -9.8231178
-12.5089837 -5.3428942
11.9364248 5.2503402
3.8278276 -8.7542300
-3.1325901 7.7387390
3.7621268 9.8603629
2.2586805 -11.5478216
4.3011870 -12.4980826
-7.0519476 -6.3443275
-12.7429171 -6.8779339
-16.9025718 -10.4034197
14.9028628 -6.8453528
-13.9734001 -7.0960522
14.9788049 -12.7296455
5.7047060 -9.0669771
-7.1788280 10.8203759
14.1087137 6.1982113
15.2417261 -9.6259499
3.1088734 8.8483396
12.7946010 -8.6911287
-18.5355494 -6.7516511
-15.6091596 6.4818586
11.6080232 -6.6915929
4.5138152 -5.0842123
5.5522597 5.6239425
-16.0440595 -11.5018678
8.7345259 8.2788596
15.6999082 11.3944451
14.5690209 -7.4341198
0.3671358 12.1208923
-9.5357337 5.9622188
18.2404700 -9.2534902
-9.0625712 7.2266024
-10.2220566 6.7231856
4.4824167 11.7629161
3.0191762 -11.3117470
16.7772061 8.5975554
3.9768751 -12.8939021
13.0891499 -8.7350058
-12.6156253 6.9873077
3.6516113 10.2827088
-14.6794074 -11.4268254
-18.0379429 -9.5463067
15.0957994 -12.6306424
4.2694960 -12.6843434
-10.1439669 12.8438853
2.8005522 -5.7398538
11.4192563 7.5201966
17.5674971 -11.3952283
17.3532294 -7.3945205
14.9176852 -12.9586980
-1.0353337 -12.4545578
17.7803829 -8.0962506
13.6528172 11.8708553
-4.1034992 12.2092974
0.6919505 -11.7875430
-8.5997686 12.1124796
11.5822644 -6.6965815
16.6850278 -5.7160350
14.8257291 -6.5088348
11.7736901 5.5855784
-3.2688802 12.5883224
0.0081803 -10.3367289
-8.5465451 -10.9523729
12.9134012 -6.4761447
-5.8311397 -12.5967593
-12.0891552 10.6842272
17.8579426 -7.9045580
18.4477403 -10.3820347
-14.1765431 -6.2338355
-6.5226566 -9.3990941
12.1878288 -10.0806764
1.7053416 -12.2246879
-17.6138804 -8.2583340
15.0042997 10.4841018
5.1416573 12.0781186
-7.7660511 5.5534613
-11.4210353 11.0047602
-12.7652058 -6.1584129
14.3120126 -7.9984672
-1.9371782 -12.8442943
3.7322143 -5.2109840
-18.7790876 -8.5434600
-13.5774677 6.2843106
1.8711712 -10.9661918
-1.1981325 5.1575331
-6.0148137 -6.9511068
-13.0204481 -7.7974482
-13.2563903 -7.1652239
-12.1169354 -10.6377265
-16.3043094 -9.0605822
15.5457398 -12.3323653
16.0895164 6.7789878
11.6304189 5.6319700
16.6563977 -12.6973772
18.4866881 -10.8234333
16.0600718 7.8819853
3.8963269 -9.6024184
13.6342306 -5.9078552
2.9317060 12.7077600
-12.4284776 -11.1455425
3.3173247 9.3035662
-18.5774408 -8.8009601
-12.7648723 -5.6241591
13.7218499 9.6229098
17.6977482 -10.3964902
6.5568329 -10.2596160
-12.8128117 -12.9690681
-11.2156301 -9.2075548
-13.6658663 10.8163541
-3.1012099 8.8066096
-14.4053980 8.4303658
15.7494585 -10.8649571
15.6419853 8.3960438
5.2111060 11.3027956
14.6201196 8.3357376
0.5559379 -9.8587333
-9.3103502 -6.7718454
-17.1463870 7.6717190
-13.8679929 -12.8695744
-12.3023838 -7.6486880
1.9819200 -5.0630629
-6.0136426 10.0996982
12.4483334 5.6091613
-7.4433017 7.1224266
18.9245398 -12.1016517
13.2099813 7.2891808
14.3990880 -8.3690050
13.8192570 9.8733124
14.8163649 -6.2556713
17.5523013 -10.7966380
5.6203620 -12.7548523
-15.6425389 -7.9153253
-3.2708204 10.8203489
-1.5255685 -11.3668145
-15.2507904 9.1506812
-11.3686743 -11.8165341
3.3968308 -5.7550987
-1.3456554 -9.8230877
-13.9458448 -11.7701441
-15.0498075 -9.8071022
15.8942668 11.5132696
18.9473452 -6.6192493
-12.0606155 -7.5823756
-18.9994204 -8.6892866
12.1985668 -5.4465050
-16.4339155 -5.7251705
17.1908311 9.8166042
-6.3709149 -8.3781176
0.8113711 -12.2090847
-1.2792001 -5.2094219
11.4521250 -11.8323776
1.5370375 -12.5557920
-10.0346804 -9.3519437
-17.3753026 -5.9268245
4.4020095 -7.5621387
17.4083362 9.5287076
0.8609589 -5.4225480
-1.8087155 -12.6040683
3.1667293 8.4255893
-14.0654310 -9.4172192
-12.8763282 -6.8290993
1.4280886 -12.9673016
15.6878926 -10.7410408
2.1710683 -12.0998590
15.2821593 -12.9896236
15.1191094 -7.0817966
4.4819527 -6.1166333
3.3589872 -8.2412421
14.2708203 -10.7690718
-11.3312444 -11.8793305
5.9413359 5.8979999
5.6965782 -7.4840785
-10.2083548 -5.7864721
-15.6836271 -7.4856304
2.2648500 -5.3431343
14.2499247 -6.9278806
-17.4167392 -6.5804108
3.7938453 -5.3647588
16.7356991 -8.9570737
-17.7820965 -11.3657366
2.7595042 -9.2944523
5.4502559 -10.2269434
-15.5949572 -6.4606039
18.3547787 -12.6214610
9.4010912 -8.4264531
-17.0779024 -5.5049663
14.7810449 -7.4231721
-15.9918613 -8.8342720
-11.2952512 -6.9074964
-17.2937440 -7.6250146
-16.9985599 -12.1754500
14.3808806 12.8101872
18.6961860 10.2973939
-14.9584676 -12.5049779
16.0369464 8.8807748
1.3054686 -12.2172852
17.1558987 -11.4644177
-0.2698163 -11.1667484
-6.9235038 -7.8105896
3.0489630 -6.1631669
15.1427387 -5.9921761
14.0531146 9.4612065
-17.6731708 -12.8770008
-0.9685928 -6.0149509
3.8877631 9.2971234
13.2638345 -5.8928491
-13.7831738 7.0155279
2.4343107 -7.2899642
8.3802109 8.3155110
17.5497949 -12.8751068
3.4842964 -7.0400725
13.0926308 -11.0793349
5.8759363 -7.1543730
-16.5056329 11.0061189
2.1519194 5.2415422
9.0853961 -9.4683843
-17.9006846 -6.2439646
18.2233976 -11.6349245
-17.5424188 -8.4646786
-16.5792286 -11.8592685
-1.5089931 -12.6685673
11.5566969 12.7503300
15.4025443 -6.7299162
-16.5332925 -12.3751060
-18.9344069 -5.3067430
-0.7955890 -10.7395892
13.6179257 -5.9375567
-1.6013796 -9.7857522
15.5781439 -7.4980117
5.3276265 10.7683473
15.3844103 -12.8854484
4.5858971 -5.1196089
-18.8871024 -7.6299554
4.9266168 -12.3583584
15.9224209 -5.8890563
13.6286416 -11.5593947
3.0055884 -7.5404091
-15.0634430 -8.3411898
13.6258912 -10.3035468
5.6991606 12.8830285
-13.1804823 -7.0558169
4.7630808 -11.6701691
5.6641677 12.7891321
2.5415420 12.8661989
-12.4073822 -9.1331496
12.6121210 -5.2828607
4.1867899 11.4410199
15.8732901 10.5487339
1.0391512 11.7437864
3.6638588 8.6967802
-1.3878816 -11.5646368
2.0507434 6.0733891
-0.0422916 -10.5981181
2.8075125 -8.2256743
-10.0100534 -11.9771402
0.0674451 -5.8987959
-13.4290585 -8.9972101
-15.5031437 -11.9463555
12.5220841 9.0643547
13.1320371 6.5997327
12.4154404 -6.0560012
-14.8252134 5.6488111
1.7866096 11.7251273
-14.7128961 -6.2943554
-6.6233856 -7.1367578
-16.7741489 -6.0195793
-18.2307580 -5.8696480
15.4829896 6.4814560
-0.2011546 -6.6791332
6.8014754 12.0485329
3.8000128 5.0582481
2.5304928 12.4369499
2.6501083 -10.2779629
13.5181519 -11.4549164
16.4506429 6.6509841
-5.2491266 -6.7548867
-10.7892915 -12.2426534
-17.2759386 9.1997635
-1.1266582 -7.1056589
-5.0381363 12.0801748
17.8638286 7.0230391
-17.7358161 -7.0588412
-11.5637655 10.3756571
4.9507992 -11.2287352
5.3618006 -10.4398113
15.8037683 6.3318491
-4.6391364 -5.9047758
-9.6477968 11.1848804
-13.0908903 -7.2271240
9.6553889 -11.8966871
-5.3814180 -6.0256833
-6.4788213 -6.7858867
-18.3049577 -5.3002627
0.9111422 -11.9935054
-13.2348596 -7.7393341
6.6254775 -12.6502703
18.4701675 -12.1086207
-6.6689536 6.3836108
18.6716929 12.4256672
13.6393769 -12.5693279
-12.6397196 -10.0903795
5.1449081 -7.7173664
-18.6772318 -6.8687041
1.2135055 8.2381890
1.1072329 12.2631877
-15.1149792 12.7021626
4.0655497 10.9052124
-13.1184478 12.6733328
-16.8668510 -9.0051638
9.7848237 -8.9397397
12.5129423 -6.5050788
-11.8279099 -8.4529118
16.0033409 8.6392342
13.3333291 11.1170641
15.6209943 -12.9504183
-11.5952269 8.9791309
12.7577214 -11.7426282
14.9597730 8.3231597
-15.2233819 -9.0495962
8.1333544 5.9196172
11.1419837 9.5634935
-16.6918000 -6.5870326
-15.0927560 -7.0414004
-16.8243485 -6.9282491
11.2393841 -10.1197175
11.9546091 -11.4562355
17.5083601 11.8822499
13.8901346 -9.4307709
14.0894819 -12.9856817
-10.4302203 -5.7482582
-13.6811402 -12.3760269
6.1346643 9.4214918
6.0217002 -11.3396886
17.7513707 -10.0450089
17.2844358 -8.7800824
-8.8299834 7.6421363
-13.5454376 10.3763825
-0.3501584 -6.1673010
17.5490605 -5.0756785
-17.8398753 -6.5956438
11.6542014 7.2205548
8.4767851 -9.3363036
-18.0425184 -6.4864744
9.4220246 5.9104656
13.0509978 -8.5924285
12.0560351 -10.8845281
1.5060476 9.0191464
18.1533801 11.2076675
6.6037700 -12.2447973
-3.4108883 -9.9469870
-15.4842121 -11.0902107
-12.4896174 8.1874741
-10.5217245 -12.7694500
11.1995650 7.3454983
6.9750591 12.5506207
-12.8516349 -12.7559702
0.1496722 9.2718234
2.1503615 -9.3655781
-12.2287306 11.5241906
4.8824854 10.7031384
-12.4611831 -11.9418509
14.4833080 -8.0424285
11.8953069 -10.7174752
18.1833084 7.0636702
-7.1091711 -5.2822174
-11.4382022 -6.5450055
14.1093714 -7.1016709
4.9947804 -8.2609776
12.0489298 10.8648744
9.6405132 8.7111574
4.3594312 -6.9072468
9.6775651 5.9403675
17.7542489 -8.5978593
14.1548154 -6.9216089
17.5605415 -6.4401394
-14.4671884 12.6512458
14.0521777 9.2557388
18.6659765 -10.7897161
16.7526162 8.6248861
-14.5218832 -6.1118445
1.7793701 -8.7025765
18.0377793 9.4795793
-14.2255839 -12.7634092
3.6279352 -8.9991923
18.5394850 6.2897457
-15.6348239 -7.2536567
4.7505911 -11.7192797
-7.1938167 -9.2368006
-17.1446877 -9.2513619
1.3403428 -6.3566020
17.6639078 7.5832569
2.4322283 -11.2780106
4.8474204 10.0552332
11.3307710 6.8845376
6.0066255 9.3110160
5.9958260 -5.0727960
-8.1848560 8.9854365
2.1844375 -5.4652472
17.7097559 -8.6740523
-3.5479499 -12.5323097
16.2299061 -6.9354882
18.5304071 -11.3248454
-1.3624601 -12.0137058
6.0856269 -9.7222912
-1.6219591 -7.5750213
-15.2043738 -10.2293788
4.6758091 -7.9763787
2.7052117 9.9222114
3.6145632 -12.4642892
11.6533840 -10.2621097
12.0445228 -8.5690945
-8.1171955 -7.5258156
16.5181605 -11.0550550
3.7862786 -5.9650872
-9.3339740 9.4195125
-15.1868498 -5.7880376
12.8743332 6.5973827
17.7121912 -6.3465037
-15.2010600 -7.1591202
14.8259897 -7.2501656
16.7148150 -5.9000088
-9.8185154 12.0082148
-13.9397444 -11.3854709
14.9956381 -9.1134448
18.7758378 -11.5957533
-17.2363590 -9.7573161
13.1807041 -9.5939249
14.5559498 7.4365724
16.1574232 -12.4534825
17.1650065 -12.9246611
5.5265494 -6.6160319
-13.1074131 -7.1070084
-15.4977180 -10.6115460
-9.5295684 -11.8358291
2.0219033 -7.1300258
2.9694344 -8.4513513
14.4747609 11.4771386
14.5446426 -9.8110478
-14.6645129 -11.6530582
17.1099749 6.2644779
14.8812771 7.9987243
14.4227057 -10.7622383
12.1333292 -6.6266804
4.4085990 10.3373506
16.4676245 -8.0446909
-16.3973884 -5.9565810
-11.5375505 -5.9790988
-18.0597452 6.6393895
15.2760715 10.7194592
-0.6954079 -7.9938112
4.0592524 6.7745922
16.7533601 -7.5431062
3.3926363 -7.3748425
3.5581249 -8.5261471
-10.2255684 11.9275637
-16.4284913 -12.4723627
-16.5083992 -8.0065498
16.7545325 10.3656797
-3.0163020 12.1916887
15.4543100 -8.7127722
0.6816689 -6.4659822
3.4006235 -10.2888045
-14.8433085 -8.6979922
5.7674141 -7.0572210
1.0843654 -9.5974179
9.5095633 -11.0141659
-17.1802383 -5.7729761
-16.0277247 -5.5849707
3.4557770 -5.4004363
0.1026827 -5.3993652
-18.2299462 -8.9740208
5.0646208 11.5681216
4.1638187 11.8218893
9.8634118 8.3101457
6.9066730 -12.1753267
-17.6949428 -5.0593158
-6.0937154 -11.6324036
8.7546161 7.8430385
-16.2359256 -7.1426256
11.4834104 -8.4456908
-13.7153429 -5.5949221
17.5235619 -7.4038462
14.9753663 -8.5187525
-17.5945874 -5.3952092
12.3199115 7.7722734
5.0209404 -11.9418106
-9.0208100 12.4969363
7.9563415 -8.0214839
-13.5246476 -12.0929394
2.2615926 -9.0739999
-13.0835936 6.9019346
-18.3029656 7.9486768
14.3511394 10.7505257
17.0033938 -11.8157652
-13.5648578 7.3423523
18.2755264 -5.0368717
7.9771661 -8.0754164
4.1327284 5.0029388
-12.6067315 5.7827559
16.9783148 -8.5692333
-16.0553288 -10.4262046
-0.0572539 -8.6700387
-8.0792010 10.8785102
12.8041763 -6.6355457
-14.6751727 -12.8649297
14.4196912 11.5379887
6.9837466 12.7456942
-10.2180103 -10.4510892
-5.0978091 -7.1768374
-4.7481632 10.8948253
18.5581374 -6.6281786
1.5230107 -8.6888020
14.7184483 -11.5387666
18.0612907 -6.1011666
-7.4154971 -9.5994807
17.0957168 -7.0542965
14.1128336 -11.8081528
18.0822565 -5.8166136
-12.6504184 12.2395868
-14.5688325 -8.8197651
9.4149311 -11.9023226
4.5218003 5.3043575
-14.0281728 10.5181461
15.5666064 -9.7087322
-18.8347920 9.3750792
4.9658724 -10.7566569
-16.0595050 6.0484418
-4.2577851 12.9984686
-9.8874184 6.8621814
15.8170771 -6.2182023
-9.6489330 -8.1199913
-10.0733280 7.6645763
-10.5113717 7.7170484
11.0667013 -11.8447259
7.0220457 10.7069632
-9.4032309 5.0973693
15.1544215 -9.7926981
13.3806830 7.7354732
1.8167552 -5.8686960
-0.6976988 -12.0583942
12.9262462 -12.9204929
-13.8058454 -10.4010213
4.2671732 10.6147239
4.2127379 -8.2871961
-16.4656002 -11.4085280
2.9691226 11.8525397
-17.7021729 -11.4374598
1.6720591 -8.2148089
1.1268309 -10.1470377
15.2284144 -6.1511912
12.2081865 -6.5873952
-13.1715381 -10.4067874
11.9983716 10.9467218
3.1962738 8.6697831
5.9839520 7.5087249
1.8880277 -7.6887264
-13.4519282 -6.6554553
3.4910418 10.8571378
-9.8276763 -9.3270998
-7.8015865 11.0589131
-16.7926902 -9.7625935
4.7480069 -12.1673584
5.5825751 10.3892262
-16.8768841 6.4970471
18.1949916 -6.3306383
-13.3359101 -7.2900750
12.3779944 -11.9617022
3.6331542 6.3855459
-13.8148682 -9.3788924
-1.5640787 -7.7202049
-11.0612243 -9.0030303
16.3502603 10.1949818
16.9087378 12.7297691
18.1782998 -6.0982281
18.8325440 -5.0839696
16.9892458 12.5713241
17.4336065 -8.8919088
1.1913941 -5.0174932
-1.6959641 -7.2619234
-5.6693538 -6.2079241
-11.8376253 -12.0884217
7.4436899 -9.3569862
13.5889097 8.9527402
6.6060228 8.7281740
-9.9138720 -6.4939939
2.8102740 9.3650314
-14.5159048 -9.4691390
5.5488203 -11.4291553
13.2761096 -5.0136424
14.4342307 -7.6520122
13.3909646 -5.4269654
3.6342708 -11.1622686
1.8249619 -12.9496604
-9.9976241 -6.1846727
16.9459601 -9.2776483
18.8629267 -6.6681452
-11.8658160 9.9430135
16.5890396 11.9124615
17.8778874 -6.9467049
-16.6847513 10.5202002
14.0457190 -10.7862414
-7.7597151 6.4383623
11.1362185 -11.6930050
11.9208856 -10.8713658
15.1952780 -8.8646525
8.9987389 8.4135313
8.6244465 -6.3299370
-14.2636645 8.6577876
18.5285100 -10.9469722
13.7129473 5.0475100
-12.5025168 -5.1667120
2.6973297 -12.2286610
5.0181515 9.2567393
13.8708926 9.7233718
4.4192324 -7.1466336
4.8759035 -7.2494282
18.2858019 12.5427156
-4.5586786 -10.2995352
-12.3759970 -8.4399694
-14.6808751 -12.5495120
15.3377827 -5.3794261
6.1514054 10.4718369
13.9305950 11.9568113
-4.1430007 7.3854989
12.8817980 -9.6494344
-12.7557666 12.7833559
3.4200668 11.1583122
7.0732513 -11.6771424
-5.5665413 -12.6688975
-17.4023686 -9.4251227
14.5081127 -5.7394791
0.8719242 -9.9769807
-14.1778930 11.3936207
-17.0349175 -8.7878756
13.8739735 -6.4357017
1.0621138 7.8638715
16.1992610 -8.8495729
12.8231782 -12.4752086
11.9316182 9.6758640
3.6042290 10.9227776
-16.3297328 -9.0925008
6.5054499 -5.6140850
14.7043551 12.6525724
17.5911109 -6.1864606
18.8476192 -7.8608658
17.0762905 8.4582366
4.7699950 -10.7737750
1.3887011 10.1643544
16.6538766 -9.2322217
-1.7781155 -11.1571810
0.2249321 8.3046890
12.9515266 5.4947583
-7.7757920 11.0392088
0.8863634 -12.7784811
5.6403734 7.4874430
14.2067212 8.6994111
-15.1090096 -7.7895245
17.2712438 10.1716473
12.5378380 -6.2838530
-0.8492236 -10.7544813
-8.6957854 -10.8677884
14.3064614 -6.5037997
3.8467166 -11.9294938
-14.2730179 5.1248485
16.1687926 -12.2763956
-1.0422712 -5.5614328
6.4965289 11.5919208
11.3314891 6.3845781
7.4722676 -11.2374233
13.0765246 -12.1314353
4.6379310 -6.9763302
7.0750899 -11.2053007
11.9175402 8.1165348
-6.7046160 6.2988636
13.4755963 -8.6489276
-18.2529272 -8.3771680
-7.9782726 -12.9093419
3.3349056 -12.6062348
3.5680060 11.4921478
-15.6690622 -10.4003557
-11.0625799 -12.4981079
-1.5701316 9.7052614
8.1011424 -8.4129702
-0.4561431 -7.9034388
17.6636587 -10.4579614
11.7705412 -11.1053838
-3.1929291 6.2162178
13.5442423 11.3626898
-13.8480784 5.1306280
7.7510313 5.1092433
-13.6464550 -8.0725471
-17.9397522 -12.4205388
4.4305162 -9.8135734
-11.8372107 -7.4969371
8.6986110 5.2672583
12.3362557 -11.5129915
-0.6501444 -9.0078987
8.6985065 -11.4758841
1.0811015 -11.9943924
3.4256076 5.6653182
-15.3145819 -7.8699691
-13.1722760 -9.8111505
15.8308337 -11.8694341
-15.4143782 -11.3073264
18.2942200 -11.8513859
0.5324017 5.8534596
14.9417180 -5.6310225
-0.2302550 6.0584454
-7.1328517 10.5320649
16.2337568 -6.2808349
-0.1554297 12.9841823
4.8312329 8.0047085
-15.1980933 -10.3951824
4.8653142 -11.1907370
16.4290835 -11.3301217
-13.2860802 -6.5008609
1.0324356 -6.3392308
12.8119302 11.5086535
11.0458900 -5.8904188
-18.7946983 7.0291402
3.9129296 -9.4671721
-9.5918783 -11.0177459
17.5364559 11.6504293
-14.4307763 -11.7852938
17.5646358 -8.9496131
0.7394682 -5.3406025
-0.4087093 5.9467955
-1.5957369 -10.7970924
-18.9854440 -9.6949574
15.4934172 -12.9472555
14.5727588 -8.3414965
-3.5827965 -6.7828909
18.9243136 8.6887520
3.2207330 -7.7589568
-4.1297803 7.7999427
11.4330406 -12.4567037
12.6013655 5.4895796
14.7731894 -10.6663070
-17.3402394 8.5690841
5.6720472 -11.2569606
18.6038883 8.9956919
-11.1660530 -5.8199303
18.7360442 12.2153891
16.5833218 5.6453909
13.6321293 10.8685636
-12.7903079 -7.2885283
16.9519279 -5.2433706
13.1429867 -10.0542773
11.0814800 -12.8854164
4.2753061 -10.6531253
15.9667325 11.4171836
-5.1501385 -11.5174309
-17.7095239 6.4492077
11.1550191 -9.4822537
5.1066653 8.3362379
17.1468315 -7.3668117
-4.9492602 -5.4736288
2.8774645 7.4232385
-18.9583522 -10.3373524
18.3530189 -12.8025505
17.1173233 -12.0856186
-0.5466139 -6.9486097
3.1021572 -9.2342103
12.3166814 -6.6120477
-18.8685630 10.5621600
12.2048522 9.8092847
11.0201049 -8.9856634
11.3531025 -10.1526342
14.1215977 -7.3424694
-8.6863319 -12.5936189
-15.8709143 -10.2882322
-12.2675076 -5.0334982
-17.1083543 -12.3787430
-1.0325831 -12.0148975
16.3619759 -9.3418667
6.4415511 5.4830359
-9.2288284 9.7285230
-16.9739083 -11.8033722
-16.3203637 -6.6387030
-6.0246993 -11.1353870
-6.5086703 -9.7225643
-14.4219848 12.6149958
-13.6354726 -12.7783140
-6.7206652 10.8386211
0.9345789 -7.4973756
18.3668735 -9.4554853
15.1105534 -9.5771342
18.7957832 -9.1387317
5.8342906 8.9874783
14.6118726 -9.3664620
-4.6586372 -9.4134905
3.0718532 8.9472557
5.0393803 -11.6085907
-11.7235368 -12.0380672
-0.6905259 5.8088599
-12.9021375 -7.0077080
11.8611620 -10.8412225
-1.7232790 -10.6189875
17.3751301 -12.3408518
4.0279634 -5.6913687
12.5375988 -5.0049153
-8.1637386 -7.9006477
14.8691629 -10.7085987
3.6662651 -7.6183559
14.3792600 7.9271372
12.5001545 -9.9321953
0.6633792 -10.4194042
13.9300756 -9.8492284
2.1557123 -7.4743752
5.7751599 -5.8448213
-17.1074863 -8.9827986
-1.1298554 -12.4269510
1.7387061 -9.6319627
14.1741788 -7.1255188
-18.0818991 -10.8890638
18.1091480 -11.3093505
-13.0920326 -11.0682956
8.6278439 11.0863410
18.9031724 -5.1320359
-5.0177243 -10.3567821
5.0748829 12.8320874
-16.8990863 -11.8460134
-16.3691741 -10.4652591
16.9639773 -9.0246327
8.4479960 -8.8585377
5.9243924 8.1420716
1.2537625 -5.8682933
2.4957724 -8.0301670
6.8774917 5.2341675
16.5801419 12.3960417
11.2038482 -12.2272576
15.5567641 -11.2741824
13.9754782 12.7121631
-11.1800389 5.1349734
9.4969842 7.2234829
16.6001107 -5.3252288
3.2343731 -11.4821754
11.7936720 -9.3489519
4.5713754 7.6579913
1.0942840 -9.1446166
-17.5363845 -10.3519299
-16.7375443 5.2828995
-14.6318889 -6.5576940
2.4929976 -11.8132559
-12.0584457 -5.2827681
12.5947619 -6.5144975
13.4455630 8.2680729
4.9138190 -12.3555272
14.3895370 -5.5958556
12.9823716 5.7306704
-17.3991252 -10.8722136
0.5626103 7.7208060
16.8834507 -9.9022972
-6.8403810 11.4231470
11.8182188 -5.7901790
-13.8806318 12.2524440
13.3524009 -6.6087064
3.2858638 -7.9775204
1.6117461 -10.3246677
-16.8573685 -6.5010797
9.4034981 -10.1814493
-0.5381600 -5.0569027
13.8082776 6.2456062
18.3284073 9.2528465
12.6452470 -11.2539669
-18.1921898 -5.5422413
16.9587020 -9.2899676
-15.3416871 -6.7850101
3.6757184 -7.0177017
6.3756005 7.5400296
11.3591314 -5.6528231
-0.1995594 -9.0136726
12.7404177 11.8105875
11.7969822 -7.9680752
14.0866238 5.1363257
-15.7556656 -10.4960738
2.6054856 -7.2813600
-11.3780079 11.5661370
-1.1804297 10.4837372
2.2802503 -12.2477509
5.6712554 -8.6277313
17.4811323 -12.5821476
13.7139170 -7.2947856
-1.9865240 -7.0433960
3.2961533 -7.4562079
4.1855232 -12.1127741
-3.1424268 -7.6323119
2.9181591 10.9888480
-7.3319747 7.0350592
0.5361783 -12.7463035
-14.0589160 11.1646460
3.4905076 -7.9728510
12.5843340 -5.5694903
-14.4650186 -6.2229028
-16.2607475 -5.8466865
-14.1410814 -11.7133899
1.5331692 -11.7371288
12.6571132 -7.1070763
-1.7495567 -10.9469534
5.3254733 -9.4190458
-1.8291305 7.8021697
-13.4709689 -10.7976977
-7.9573185 7.5165864
15.9451277 -9.7670551
0.9125841 -7.7455160
12.7771194 7.0843811
-9.9967679 -9.4863842
2.5116576 -8.0832497
13.3719278 -12.9350156
15.2525418 9.4723745
-15.0806131 -6.1326368
8.2426520 -5.9524646
-5.4730070 -8.1579556
13.6018011 -7.0476415
5.8579822 6.5489863
-5.5460804 9.6585579
5.6680778 -12.3700928
17.1098400 -8.7099510
-5.7265882 8.5869534
-17.3901657 -8.9374475
-9.7162588 10.8982286
-18.9185534 -6.1541179
-17.2710238 -6.9124776
-8.9127640 6.7953089
2.5727283 -9.2066900
2.8344622 -8.7531494
4.2918908 5.9167054
-0.3384869 -10.6528975
11.5686010 -5.1820773
13.8944099 9.0350906
-12.5533534 -7.4124395
-13.0279131 -9.3852253
13.8889075 7.4336054
4.4426077 -7.1322366
-17.0151020 -11.7454958
-17.2429296 -12.5557085
3.4131080 -10.9096431
-11.5618059 -9.0501283
12.3299613 -12.3791091
-16.2193331 -9.3975035
-12.3055389 -7.2312855
18.1299434 -9.1236228
-3.8957349 -6.6048955
2.4704698 9.0472639
9.4825958 -11.3633673
9.0630273 -8.0597645
13.3875508 -5.0327769
-4.7505743 -8.6939340
-17.3423828 -10.2856614
-13.8195805 -5.7458036
17.2733347 -11.0087567
12.8336214 -6.7453456
4.1944516 -9.0872293
-14.3057252 9.9790754
-0.8167604 -5.5949367
-10.1806899 9.4644099
15.6641033 -9.6074701
13.3373938 -8.5828617
4.5062978 -5.1401839
-3.9730200 9.7430422
15.8545362 -10.6445927
-16.3265792 -11.1924403
-3.3344690 -7.1422725
0.2468760 6.6015191
-1.7492399 -6.4606564
8.0954121 8.7989736
11.2300130 -5.7996354
13.3026701 11.2805310
17.7917712 -6.2733855
-13.4597473 5.2664370
-11.0772884 9.8329424
-5.6120555 -8.6447540
18.0594591 -11.4283869
15.3009868 5.4787705
-12.8268417 -7.7143923
-17.4707882 -12.8743492
4.3033260 12.2659870
17.4391522 5.5378323
-8.8623437 6.0348461
18.1906366 -5.1249277
3.2797644 11.3986394
-18.5357667 11.9383152
11.3579248 -11.5534781
12.3238658 5.7414815
-5.7459043 8.8797252
11.2728335 -9.7705471
18.5557933 10.2955899
7.6874884 -8.7303223
3.1701207 -6.9067734
18.8107265 -12.8002374
-15.6157441 -8.4177553
-11.6441391 8.2724328
13.5047911 6.4217327
2.5888780 11.3989235
-14.1173232 -5.3226165
-0.7761383 -9.4293915
3.7923125 -10.7696040
-17.0499857 -8.7672235
-16.9299946 -5.2571433
15.9386378 -5.5439520
7.1394065 -12.5516549
17.5298982 -6.2895691
-12.2014590 -9.4771591
-0.1037396 -5.9986762
-15.0955498 5.0630728
5.3221703 -5.9737403
-10.0478916 -7.0189692
15.5245251 -8.2968420
17.4146255 -10.7753093
-15.9322888 12.1740893
-11.9391742 -10.7633980
-4.7700888 -9.8188981
-16.2587612 -11.0018329
15.4995329 -9.9935823
-12.1024190 -6.6359953
7.6378576 10.6373172
16.4402236 -10.8154538
16.1176574 -8.2173246
2.3907706 6.0199911
-18.2295856 -9.0239702
-9.7212377 5.1676006
4.3485389 12.9868390
-9.4730058 -12.1620976
-18.3935659 -8.8844727
3.4022042 11.5636973
-0.4710622 -7.2241799
12.6443736 -12.0121058
-5.3277163 8.1833489
16.1652062 -9.8680404
-13.3490256 -8.3818133
8.4643947 11.3302524
-13.1600755 5.3680585
11.1969162 12.9997121
14.7616347 -11.9292039
12.9739071 -5.9421601
17.8741278 -10.0843022
-7.9740386 7.6101571
1.6686815 -8.0942015
-13.4209483 -7.1507428
-8.0246500 5.5447448
-16.2023025 -10.4298981
12.9827092 9.6031729
5.1855988 -9.1858845
-7.4778900 8.8681450
2.6655426 12.9229482
4.1188265 -11.3445491
5.3062688 12.9252135
8.4013430 -11.5549702
-5.4483487 6.2731699
-7.4262508 -7.2802520
3.2387256 12.2032812
2.9020121 10.2941088
5.9392056 -12.6032839
-16.5904975 -9.1386408
18.0209470 10.2784322
-16.5577747 -8.2640153
-13.8710054 -12.3271853
-3.5987506 -11.0674535
16.8488344 -8.4013964
9.3384003 -8.0073576
-10.9790011 -10.4688642
-8.7738125 -7.9301443
11.9914011 -6.1230604
-12.2584899 -9.3651834
18.3420358 -6.8783834
4.9216482 -11.1371767
11.9331267 -9.4888461
-18.4620029 5.5669582
-16.4720788 -9.8384502
6.1321453 -9.2134504
5.2515597 -10.6781847
5.3876443 7.2790842
-8.0510658 -6.3988177
18.0227030 -7.8565753
18.5784687 7.5429828
-8.8789981 -8.9511464
4.5178622 12.6472985
14.6614782 6.4467152
14.7920207 10.8743696
-13.7751334 11.3083641
14.6226484 -11.9690772
14.6044923 -12.6206124
14.9479641 -6.8342658
9.6982206 -9.0745998
2.7863519 -11.4932515
-18.6394414 -5.6947906
-12.9794150 -5.8109924
-6.7847404 5.8020140
16.9402261 -6.0110959
17.7563959 -11.1438618
14.5737147 -10.1208129
17.7898339 -8.7530984
1.5483715 -9.9713490
0.6218129 -5.5002750
18.5420249 -7.5476508
-18.0438751 -6.5427950
-14.7195635 -10.3639711
12.6232621 -9.0919507
8.4939552 -11.3561136
6.8574451 8.3171532
9.3430129 5.9193948
-10.4337288 -9.3961298
-7.8015029 6.1230717
-14.0558766 8.6332992
1.8695729 -7.4560775
-4.0048007 12.3062747
-5.4359133 -6.7016126
12.1255152 -9.4479074
7.5772776 -5.5766393
-0.2556343 -9.5164865
-17.0445953 11.2295632
-15.5698504 7.6136071
13.9282130 -10.0781619
14.2682822 -5.0957245
14.6971459 -8.6477752
-17.8412179 10.6826946
-4.2461203 11.5897414
2.5816549 -9.7229341
5.8639209 10.1245167
-18.9220539 -5.3001399
-11.9506584 -7.3823063
6.2299321 10.4942669
16.4228940 -11.9779258
-8.8228330 -5.6259477
5.7507263 -11.1742317
-1.4355545 -11.2047094
-16.4002231 -7.9746427
-17.2935042 11.8985484
-17.7591353 -11.9145192
11.2517469 -11.1984125
4.2906364 8.8086719
8.9013285 9.5535678
-1.9432606 -7.9102757
1.0298822 -11.5068792
16.9786888 -7.6656880
14.8205419 -12.8975080
18.4863966 6.3926601
-18.3136237 -7.7425137
3.4010073 5.4780633
16.9560183 -11.0893604
-12.5653367 -12.8088932
17.2106695 9.3160154
0.9561883 10.3722216
15.9501344 -12.5429588
12.8689452 12.4248142
-18.8496816 5.0914197
17.0685659 -8.3727689
-10.6255492 8.2929241
17.3066609 -9.0291472
4.7307674 -12.4957934
2.7695523 -6.5121491
14.7113395 -9.0977169
15.4765643 11.4283624
-8.1024875 6.4841432
5.7189139 -9.5473114
-18.7752961 -9.8945612
7.9746705 10.7889848
-18.3303983 -5.3066491
16.4490004 -5.2192150
15.3330641 7.9419745
4.4983889 -9.8782822
-7.8662827 -12.7940463
8.0793908 -12.0797754
11.0143129 -11.7788525
15.2196078 -9.8546708
-0.4249225 -8.4792434
-0.3640878 -12.5123912
11.4690325 7.9092835
6.4026324 -9.3279678
11.7579737 -12.5669692
12.2203745 -7.5252188
11.1169178 -7.7665137
5.0292245 -7.7097075
14.2052593 9.5395275
4.3462534 8.6144561
6.4453010 9.8839179
12.8412926 -11.0875448
-16.6588636 -10.6574034
9.3255313 -5.1403032
15.6086141 9.7836072
13.7920243 -11.2617533
3.1767069 -9.0316635
12.9515023 11.7373448
13.9089249 -6.9087110
18.3151533 -12.9129642
-12.7308598 -6.3088429
-18.4687300 -5.6673859
0.9385489 -9.2084970
-15.6107616 11.9943037
5.9166165 -8.9937303
-18.4312968 -8.6981001
3.4548677 -11.8115373
2.3401005 -10.0767185
2.2635636 10.5849310
-15.8315224 9.3494244
18.7607457 -9.0998088
16.8496037 -9.3009791
5.2293099 -8.7268154
-14.4547732 -5.0510039
-7.9272156 -9.6367588
17.9783448 -5.6720290
-18.1590542 -12.9346979
12.9874038 10.3574792
-15.9790313 -7.1668887
14.6602905 -8.4095655
17.3183293 -9.7744343
-17.5031653 -12.5386640
-1.7575126 -10.7020481
-16.8116637 8.2137083
2.8777872 -7.1117425
4.9487914 8.0043948
-4.4490715 -9.3872563
-1.7187195 7.5442290
-8.1477238 -8.1763065
-12.0615399 -7.0688041
0.9107582 11.1643525
-1.4768678 -5.0503104
-11.8004597 -10.4956362
3.4988872 11.0382711
-10.9691172 6.9494230
8.1589721 5.9111528
12.0736396 8.9437888
15.5235335 -7.7029474
12.1773235 -9.2700112
2.0089763 -9.8187424
12.4568304 -5.1316917
3.0466545 11.1205596
7.0859519 -6.4577228
5.4449294 -7.7750905
14.6682668 -9.3344670
13.5010038 -11.1445474
-16.5290868 -7.1085134
-18.7023117 -10.9414024
17.7058164 8.5862572
-5.4566596 -8.3893526
-11.4765444 9.2442977
-1.2175187 10.7625541
-12.3606611 -9.7924803
17.3833331 -11.5650649
6.3513720 7.0339207
-6.8161227 -9.4331618
-7.8067108 7.4867198
0.2333334 -5.6961122
11.6124465 -12.2572237
8.9607983 9.3069475
-15.4061257 -12.6749277
9.2398586 8.2694192
3.2542471 -12.7390147
-18.2968969 -11.4395600
15.9253195 -9.2421494
-8.5967705 11.7867622
0.7893052 -9.9994105
-11.8749516 -7.1770962
12.5981153 -6.7995179
17.9267501 5.3809661
18.6686873 5.2843078
0.0369275 -12.1293673
18.0200634 -11.7071672
9.9127046 7.3405668
-16.0116975 -8.2712643
13.8898865 -11.5129737
-18.1681433 -11.6790723
15.6127606 8.7193773
11.2059022 12.7592882
-4.2147970 9.5320489
11.4671359 -11.9249028
-7.9807474 10.1157022
12.1994047 -6.5428417
4.4477672 -12.3749946
-16.9402682 -9.4238754
15.9385986 9.7571815
-17.1806830 12.5406688
1.9999827 -9.8984412
0.9374752 -9.4993088
11.8064361 9.3283648
8.8835446 -7.1704168
-14.3975463 -9.8816684
14.6940610 5.6854870
-0.9342129 -11.2612918
-14.3498170 7.0694725
3.6768218 7.5584587
2.4967248 -9.7028188
13.4071470 -7.9074428
0.8045364 -8.9605419
11.7290912 10.5260902
-18.5652961 11.5197318
-13.9366631 -9.9484351
-5.5572107 7.8587750
-14.6409345 10.0435835
-15.3716585 9.4375025
-7.5459190 10.7490111
-14.3087187 9.8031379
-0.3235052 -6.5550425
5.4500628 6.0109402
16.1346479 -6.2703264
1.1233835 -11.3602462
-14.7911430 -9.6382147
-11.6107851 -6.8004349
-12.2687421 -10.0336447
5.1106632 -8.4624402
16.0763925 -7.3288063
-6.0493907 8.8350764
-12.8075766 -11.0003053
-10.2729141 9.8456957
-13.7720687 -10.9219708
5.9031144 -11.7899634
-18.7991237 -7.9510138
14.7159228 7.5005020
-13.8672501 -12.7612156
-11.4450209 11.7135130
14.4867297 8.5830247
-11.3513309 7.8536551
17.5400704 12.8744138
-1.7029632 8.6212282
-0.4652434 -6.7429014
0.8003003 -8.4201550
-12.3475326 -6.5588069
0.0458683 -10.7514852
-16.4693169 -11.1394705
11.1574781 -6.6241770
-9.0185198 12.7193995
-17.8686871 -12.6580881
9.7729528 -7.9595081
-1.1814655 12.3579038
-11.3305128 -12.6524382
0.2094161 -9.9554027
11.2573671 -9.7679725
14.8192729 -8.5186081
6.8819399 -8.6997484
3.4126062 -5.1613476
14.2142383 -12.3550685
9.5128214 -7.2557792
1.4842523 8.1761093
13.9928186 -12.8198123
-1.7660584 -9.1866584
17.9406468 11.5928382
-11.7606456 -7.8591224
6.1253636 -5.5958802
-17.0635133 -9.2308717
11.9503522 -8.8282358
-16.5224428 -8.1245657
-1.9960723 -12.1117919
13.9417009 6.9834178
-1.5313438 -12.4587059
18.6168783 8.4607731
1.1418821 -5.1413666
5.5696517 -5.6525982
-1.0741570 -10.6465258
7.9515026 11.6734101
-0.7401771 -8.7459653
-8.0142724 6.5780758
1.8251037 -10.2510269
-12.5719640 -5.7373948
13.8917235 -12.1514911
-11.5648014 -7.9208187
16.1155895 -8.4105632
11.9841341 11.4175034
4.6602373 -11.8162034
7.5627717 6.2820794
-17.8409912 -10.9862915
-1.8020881 -6.5346019
4.5354786 -11.7095051
2.3015043 -6.4232558
6.4672802 5.6437375
7.5818272 9.2870639
17.7973826 10.9790543
-0.4183966 -7.6767954
11.2803520 -7.8532041
-15.8142315 6.3748248
7.6789582 -11.3299239
4.3383326 -12.8622121
4.2810896 -7.2181700
4.0750597 -6.6401108
13.6963741 -7.5800944
14.0446629 8.2762147
18.7861119 -8.0039429
-10.7117295 10.8663131
6.5267608 8.6864243
12.0049779 -8.7675140
1.3844355 12.5013048
15.6641906 -10.4174930
5.8942461 -12.8453100
5.7149536 -7.1683184
-9.3920673 -8.9395480
4.5752313 6.0526080
4.1768194 -5.5746656
2.8965750 8.2721721
-12.1466697 -12.7206392
9.6662347 10.6424542
4.5040540 -12.4560665
8.4703711 -9.1062628
-1.4361362 -12.6568328
-16.2752992 -8.7880291
2.8495381 -6.8766501
18.5936683 -8.4384158
3.9914388 -10.7375976
5.8938757 -12.3166057
5.3483123 -5.5341764
4.1834232 -8.6078240
18.2400059 12.7399524
-7.3435299 5.7978636
11.9403037 -11.8702748
-0.9776052 -11.3266468
-12.3599764 -12.8858117
0.7991814 7.5323290
12.2003543 -5.1317424
5.3050782 9.4911897
-15.0859838 -12.9474138
-12.8977092 -11.3828366
2.2927756 -5.5747664
8.5338055 11.7434789
3.3844155 -12.5194537
-8.0422247 -11.6845385
4.7612327 6.8312608
15.1401676 -12.9168836
4.8927277 10.6142861
-13.1479891 -8.8442491
4.2358176 -6.0922392
17.9057769 -7.5742999
-0.6708915 -9.8497878
3.0718954 11.0042932
-16.4536460 -6.0537568
16.3714204 6.3112792
-6.8065291 12.0333867
4.2813994 9.3217824
-1.5915755 9.1158427
0.4295591 -5.9034206
-17.2563183 -6.0087980
13.6971929 11.8973301
5.2177212 -6.6990975
11.3225577 -6.0758717
12.2333404 -12.7963352
4.3339440 -12.1428375
-1.6705617 12.7136034
5.8872384 -5.8390876
9.7911466 9.8155496
3.2354034 8.0373315
13.6543267 -8.3652843
-17.0969986 -8.4230852
14.1818495 -6.5050299
-5.1892603 12.7905496
3.9068559 -9.7565722
8.9942622 10.9194998
-10.4529981 -10.4479832
4.2690939 -7.0576284
-12.4011066 -6.0289518
11.2063293 -12.5745794
-18.8771525 -8.4455517
4.8245997 11.5704278
-5.4170881 -11.5637488
-17.4967212 -9.9768381
15.0370653 -5.7733994
4.2276768 -12.1144039
16.1636519 -11.1233793
-11.4665352 -5.6669854
16.2204186 -9.0566581
13.0633132 -12.3877515
-15.5037444 8.3643157
-10.3485453 -7.0580923
18.9236265 6.2389553
-12.6661997 6.1851269
4.9087816 -6.0777968
-16.6793791 11.9559082
16.7418349 -8.9901278
0.2239196 9.1598799
-13.4574899 -6.4248355
-9.8482261 -9.8726700
-16.2620695 -5.2259913
-17.5628146 -7.4855260
13.1272524 -10.4532685
-14.0645280 5.6361767
-1.8018475 8.4811359
17.7706525 11.6022575
0.1101415 12.0495060
5.6347773 -5.0213095
6.7497908 -5.0071858
-1.5104889 -10.1750331
15.8861247 9.4686642
-13.6278742 -5.4842299
-11.5576373 -9.2492803
-17.6269626 6.8610159
-17.7000565 5.5224337
1.3102418 10.0356898
3.1323918 -9.1836510
12.8707000 -10.8720471
-7.8656245 12.5333424
5.9315180 -11.5838668
-17.4197999 -9.1545305
-7.7570113 7.7640453
4.9830819 -8.2722746
14.4251733 -6.2045861
15.0429001 -6.7979820
-6.0970660 11.0259210
-11.1710533 6.7945362
-12.8061305 6.0599011
2.8765575 5.6048854
18.3071373 6.5296176
16.8840443 -9.3808724
-6.4516156 -11.8169316
17.0294407 9.8817045
15.8655391 9.4112822
4.5246687 -12.1373132
16.2271216 -6.8181591
-15.8279541 5.5017036
-14.1488543 8.2100760
12.7539730 -9.9871773
-18.5837615 -8.8935413
-9.1165791 -10.7134484
-7.4288447 10.5532628
14.6346739 12.8645350
-6.9914946 12.0361719
12.2461006 8.8257251
-6.2717848 8.8912836
14.3229384 7.5303357
-0.3408721 -6.5479726
-1.4427941 -10.4077756
17.0554826 7.1697322
5.2004584 -6.3648621
15.2653688 -12.4932398
13.7341791 -5.2825151
14.9136237 -9.4155864
9.7340246 -12.9635354
-13.8027099 -7.0595022
-14.9055475 -8.4780620
-0.1665239 -10.7238899
17.5658741 11.8275947
14.6079751 -11.7560901
7.5243696 -12.4569485
-14.7688406 12.8546351
-7.0177847 11.6148928
-13.6547632 -10.3768942
-18.8518256 12.7517736
12.0658434 -10.0858871
-8.0657582 -6.7492728
7.0396857 -5.1588440
2.9244905 8.8408625
12.1871163 -7.0331395
17.5313017 10.9030503
-12.8003208 -9.0528119
15.3037031 -8.2747271
2.6194290 -5.8409258
1.1397329 -11.4019722
2.6736901 8.1694765
-14.4402807 5.2645967
2.5385583 -11.4815695
-1.4943614 -6.8129541
18.0071683 -10.2126107
-18.2231898 8.6788471
11.2162752 -6.5216493
-16.1668851 -11.2930318
0.4263354 12.9127075
3.0718721 -5.9195991
12.6382509 7.3308922
2.4836047 5.1300223
11.5428465 10.9360744
12.9669625 -12.9030448
-12.0399028 9.0905519
8.3077471 11.2328880
-0.9483029 -11.0338167
17.1033737 -8.6117538
-4.9918268 5.7814109
16.8441656 -9.4846999
-0.3776317 9.3203837
-10.1429671 -12.2645514
-17.1876357 -6.6011426
18.6316761 -12.1729014
17.0662815 -11.9257872
-3.7369952 12.3560593
-10.1700357 -7.0992056
-16.6137414 9.9157177
2.1810019 -7.0660607
0.9398026 12.8674718
4.5097414 -5.3758441
-10.3175126 7.4333885
14.3340530 -10.3925499
-14.1322379 -12.3729465
15.1155049 -10.4404628
14.1009126 -10.1437088
-15.0358820 -11.2168572
17.3227662 -8.4512772
5.8872176 -9.8202590
13.4027535 -7.5225532
17.1973126 -6.3181448
17.9382886 11.3934657
11.0598939 -12.4379420
-0.7219425 -6.7907649
17.2971463 -7.2440133
1.4469473 -12.1672204
12.1431171 -6.6365813
4.7669181 -11.9293078
6.9294639 7.8016156
-5.2898651 10.6456804
4.5300300 -8.8408285
18.8959399 10.4468810
-1.3136432 9.8102174
11.1019088 -6.2807508
18.9976670 -9.1134408
-0.1441429 -11.2984308
-17.9610378 -11.5887728
-11.5656304 12.0563313
-1.4860427 -11.0869800
3.9548710 -9.8322614
-18.7009223 -11.9583603
17.0875351 9.9714215
-12.6957171 -11.4764427
-16.4514484 8.6688317
12.5523404 12.0562874
13.3642959 -12.9979693
-15.5509541 -8.8190732
-14.4525284 10.8047549
-17.3212500 8.5943332
1.7812406 -10.3931887
3.8893931 -8.3921809
14.3296103 -8.4817813
6.4739864 9.5999226
2.9544049 -6.0450486
-17.0036660 -10.2314234
-1.8448161 -11.5758803
4.8581732 -10.0068147
11.5797914 9.0055368
1.7970994 -12.1480197
5.4377884 -12.7404580
18.0829137 -12.3215930
-18.2471600 -12.8104474
-17.4834091 -7.7762641
2.1259059 11.5575184
13.1891065 9.0371695
-5.5230851 -8.2786626
-3.7117975 -8.2308533
14.2368779 -8.7034797
2.2354345 -8.5247225
12.1939599 -9.0439333
17.0290943 -10.1904720
11.4134809 -12.6290248
12.1160416 11.1018690
13.1103715 -9.1339704
-10.4396625 10.8221702
-0.0434431 8.5743466
0.0301814 -12.9781861
4.0423766 -12.1994915
15.0060700 5.0156972
-17.4588019 -10.7680168
4.8847903 -6.4102275
15.6008889 10.5144055
16.2016116 -7.6212846
-3.3300726 12.1989339
-13.3688913 12.7940497
16.9958348 -5.0999984
-18.7386146 -12.6758661
3.1272781 10.8315816
-8.7833386 -6.0454472
-0.6414440 10.2628971
7.8277917 5.0382991
0.4810375 -8.1843886
-15.0189347 -7.2801894
-1.9858209 -7.7214072
7.2748944 -6.8058752
-12.2041180 -10.2786645
-4.6202245 -9.9181564
13.3104716 -8.7988309
7.2970073 -12.1301935
-12.7693500 -6.7280687
2.1963849 6.2757527
-16.6198498 -8.7709482
13.6554171 8.8123227
0.9497156 -9.1612776
-17.5112581 -10.5731512
-11.3477473 -7.9522507
17.0944554 -9.3395874
14.5834381 -12.9302296
-7.9888868 9.1606513
13.7335702 -5.2677916
-0.3886651 -6.3979477
-17.9966250 -12.7943581
-6.7370715 -9.6615640
17.8124624 10.8832749
16.8024789 -7.2930875
11.1653773 -5.5644619
-0.1209244 -6.3580670
-0.1428711 -11.6442561
16.7175412 -10.0784482
17.0403246 -6.3248614
-11.7775875 -5.9265981
8.4878539 11.4385837
16.2248379 -7.5271543
4.1610250 9.6902186
3.6493936 -9.5671947
-11.3807164 -8.0291661
2.2716439 -6.0777908
-18.0245361 -12.2093552
-11.7220699 -8.5628513
1.9197571 -7.6864605
3.0358896 -11.0328787
2.8603916 -6.3297563
14.8504557 11.0570382
1.1067088 -6.4316314
-16.5262283 -12.5912818
0.4682237 8.7934785
9.7363743 6.8432025
-16.5941395 -8.0687785
-5.4156274 -6.5628950
-18.1981849 12.9227600
5.5633612 -8.0130149
15.6102963 -9.3149127
-14.3821713 5.4668509
2.7207960 -6.3070460
14.5949534 6.1950096
0.7164058 -5.5860231
6.8500952 12.5863740
18.7339020 7.2961618
16.4988144 12.8906325
15.5797905 -6.9822604
15.5285139 -9.9919328
2.0977876 -11.0382595
-7.0985894 11.0718764
-14.1612358 9.6203436
1.2825065 -12.0729110
5.9224494 -9.1931098
4.8583804 -11.3450040
-16.7789703 10.4441158
7.5569489 -9.6158499
5.6372093 -6.8206520
17.7794831 -5.4605240
-16.0066402 7.7878079
-13.5405634 -11.1042799
-3.4307131 -7.5465762
0.0142094 -8.6851293
3.3022978 -11.7966613
13.1316902 8.3036036
2.7529795 8.4145561
-13.6139112 -6.6215720
11.9749013 -12.0004919
15.1339097 5.0862221
8.6147389 -11.7941994
15.0347684 -11.8403810
18.7344199 -9.5088937
0.8613068 -6.5146685
-15.7625613 -9.1298258
-14.4718098 -7.6644811
6.6904775 -8.2771230
-3.8344697 6.8291724
18.8810275 -9.2791511
-18.5901728 -6.3647887
-17.4388907 -6.9025296
-15.6827045 8.2579294
9.6882155 -6.6637533
5.6445472 8.1728809
-0.3929756 -12.4501855
-1.7569373 -10.2035901
2.5342225 -11.8563702
-4.1145843 -11.6062275
13.6824273 11.7527497
5.5261217 -8.3512157
-16.5044400 6.9024579
-14.4678538 -7.6876370
16.8270320 5.5502228
6.9362817 9.5589772
-4.8835042 7.7855355
-10.0614755 6.2074792
18.7047511 6.4245271
14.5839921 -10.4077709
-7.5688129 -6.6633874
5.4440849 -11.5982711
16.4021840 -5.4636735
-15.5688153 -5.4194227
-13.3634103 -11.8918855
-6.3513446 10.8045883
-15.4199228 -12.5425377
13.1410039 -5.9367165
-6.7684806 11.9884546
-13.5443749 -7.9388197
0.8611123 12.8437317
13.4068985 -5.6806241
13.9282745 -5.4851796
15.3443939 -12.5441572
13.9816217 -8.8895218
-15.5831455 -7.0163950
-13.5908793 -5.6728248
13.8101080 -6.1741774
-1.6812599 -9.4751741
3.3243649 9.2959911
-15.5486525 6.7692873
4.6424011 -9.3337993
-4.8153316 5.9271878
4.0421161 12.0015969
-4.7727765 -7.2312596
0.8193308 -9.8051249
12.8763992 10.7281914
3.8047303 -5.3056327
-11.8266297 6.0503146
13.3081236 -12.5911258
5.4141543 -7.8619153
15.0295784 9.7245815
18.7328532 -6.6567846
2.7526395 -10.5692516
-12.8107895 -10.4042624
-10.7634821 -5.7104609
1.3294227 -5.0347663
6.2265210 12.8656219
3.8811386 -12.6524326
-15.8833218 -7.1280133
-17.0659959 -12.4466314
-5.4140122 6.6916384
